60
1 3.28571
2 1.86571
3 1.27008
4 0.484755
5 0.206525
6 0.136973
7 0.0658715
8 0.0218313
9 0.0140531
10 0.00850466
11 0.00217482
12 0.00158628
13 0.00105079
14 0.00035233
15 0.000175277
16 0.000124537
17 5.19879e-05
18 2.04237e-05
19 1.41377e-05
20 7.20359e-06
21 2.27491e-06
22 1.58376e-06
23 9.51161e-07
24 2.40253e-07
25 1.86065e-07
26 1.20576e-07
27 2.36459e-08
28 2.09987e-08
29 1.47247e-08
30 3.86902e-09
31 2.46736e-09
32 1.73314e-09
33 5.96742e-10
34 2.85841e-10
35 1.96179e-10
36 8.48672e-11
37 3.17888e-11
38 2.12328e-11
39 1.13953e-11
40 3.36797e-12
41 2.34479e-12
42 1.46194e-12
43 3.35731e-13
44 2.64677e-13
45 1.79412e-13
46 5.32907e-14
47 2.9754e-14
48 1.95399e-14
49 8.88178e-15
50 4.44089e-15
51 3.55271e-15
52 1.77636e-15
53 8.88178e-16
54 0
55 0
56 0
57 0
58 0
59 0
60 0
1 6.5342
2 4.56216
3 3.49499
4 0.820244
5 0.499646
6 0.427696
7 0.117205
8 0.0571357
9 0.0504514
10 0.017117
11 0.00626446
12 0.00572448
13 0.00244412
14 0.000679322
15 0.00062135
16 0.000329149
17 8.72234e-05
18 6.38091e-05
19 4.23059e-05
20 1.07697e-05
21 6.06357e-06
22 5.21915e-06
23 1.51999e-06
24 6.85842e-07
25 6.19088e-07
26 2.30775e-07
27 7.54129e-08
28 7.05029e-08
29 3.25567e-08
30 8.41614e-09
31 7.66777e-09
32 4.35294e-09
33 1.0874e-09
34 7.87542e-10
35 5.57038e-10
36 1.34867e-10
37 7.93907e-11
38 6.85465e-11
39 1.84581e-11
40 9.11893e-12
41 8.12195e-12
42 2.8475e-12
43 1.00542e-12
44 9.28146e-13
45 4.05898e-13
46 1.10134e-13
47 9.90319e-14
48 5.24025e-14
49 1.5099e-14
50 1.06581e-14
51 9.76996e-15
52 1.77636e-15
53 8.88178e-16
54 0
55 0
56 0
57 0
58 0
59 0
60 0
