60
1 4.62067
2 1.89738
3 1.08605
4 0.633916
5 0.387411
6 0.249805
7 0.168656
8 0.117529
9 0.0834036
10 0.0597068
11 0.0428835
12 0.0308187
13 0.0221373
14 0.0158893
15 0.0113968
16 0.00817028
17 0.00585523
18 0.0041953
19 0.0030056
20 0.00215316
21 0.00154245
22 0.00110495
23 0.000791538
24 0.000567025
25 0.000406194
26 0.000290982
27 0.000208448
28 0.000149324
29 0.00010697
30 7.66294e-05
31 5.48943e-05
32 3.93242e-05
33 2.81704e-05
34 2.01802e-05
35 1.44563e-05
36 1.03559e-05
37 7.4186e-06
38 5.3144e-06
39 3.80703e-06
40 2.72721e-06
41 1.95367e-06
42 1.39953e-06
43 1.00257e-06
44 7.18204e-07
45 5.14494e-07
46 3.68563e-07
47 2.64025e-07
48 1.89137e-07
49 1.35491e-07
50 9.70602e-08
51 6.95302e-08
52 4.98088e-08
53 3.56811e-08
54 2.55606e-08
55 1.83106e-08
56 1.3117e-08
57 9.39653e-09
58 6.73131e-09
59 4.82205e-09
60 3.45433e-09
1 12.8877
2 5.57386
3 2.33662
4 1.23793
5 0.765238
6 0.516041
7 0.379678
8 0.278717
9 0.202582
10 0.146295
11 0.105236
12 0.0755344
13 0.0541542
14 0.0388049
15 0.0278
16 0.0199147
17 0.0142659
18 0.0102195
19 0.00732088
20 0.00524446
21 0.00375699
22 0.0026914
23 0.00192804
24 0.00138119
25 0.000989439
26 0.0007088
27 0.000507759
28 0.00036374
29 0.00026057
30 0.000186662
31 0.000133718
32 9.57903e-05
33 6.86205e-05
34 4.91571e-05
35 3.52143e-05
36 2.52262e-05
37 1.80711e-05
38 1.29454e-05
39 9.27359e-06
40 6.64325e-06
41 4.75897e-06
42 3.40914e-06
43 2.44218e-06
44 1.74948e-06
45 1.25326e-06
46 8.97788e-07
47 6.43141e-07
48 4.60722e-07
49 3.30043e-07
50 2.3643e-07
51 1.6937e-07
52 1.2133e-07
53 8.6916e-08
54 6.22633e-08
55 4.4603e-08
56 3.19519e-08
57 2.28891e-08
58 1.63969e-08
59 1.17461e-08
60 8.41445e-09
