201
0 4 1 6
1 4 1 10
1 4 1 8
1 4 1 10
1 4 1 8
1 4 1 10
1 4 1 8
1 4 1 10
1 4 1 8
1 4 1 10
1 4 1 8
1 4 1 10
1 4 1 8
1 4 1 10
1 4 1 8
1 4 1 10
1 4 1 8
1 4 1 10
1 4 1 8
1 4 1 10
1 4 1 8
1 4 1 10
1 4 1 8
1 4 1 10
1 4 1 8
1 4 1 10
1 4 1 8
1 4 1 10
1 4 1 8
1 4 1 10
1 4 1 8
1 4 1 10
1 4 1 8
1 4 1 10
1 4 1 8
1 4 1 10
1 4 1 8
1 4 1 10
1 4 1 8
1 4 1 10
1 4 1 8
1 4 1 10
1 4 1 8
1 4 1 10
1 4 1 8
1 4 1 10
1 4 1 8
1 4 1 10
1 4 1 8
1 4 1 10
1 4 1 8
1 4 1 10
1 4 1 8
1 4 1 10
1 4 1 8
1 4 1 10
1 4 1 8
1 4 1 10
1 4 1 8
1 4 1 10
1 4 1 8
1 4 1 10
1 4 1 8
1 4 1 10
1 4 1 8
1 4 1 10
1 4 1 8
1 4 1 10
1 4 1 8
1 4 1 10
1 4 1 8
1 4 1 10
1 4 1 8
1 4 1 10
1 4 1 8
1 4 1 10
1 4 1 8
1 4 1 10
1 4 1 8
1 4 1 10
1 4 1 8
1 4 1 10
1 4 1 8
1 4 1 10
1 4 1 8
1 4 1 10
1 4 1 8
1 4 1 10
1 4 1 8
1 4 1 10
1 4 1 8
1 4 1 10
1 4 1 8
1 4 1 10
1 4 1 8
1 4 1 10
1 4 1 8
1 4 1 10
1 4 1 8
1 4 1 10
1 4 1 8
1 4 1 10
1 4 1 8
1 4 1 10
1 4 1 8
1 4 1 10
1 4 1 8
1 4 1 10
1 4 1 8
1 4 1 10
1 4 1 8
1 4 1 10
1 4 1 8
1 4 1 10
1 4 1 8
1 4 1 10
1 4 1 8
1 4 1 10
1 4 1 8
1 4 1 10
1 4 1 8
1 4 1 10
1 4 1 8
1 4 1 10
1 4 1 8
1 4 1 10
1 4 1 8
1 4 1 10
1 4 1 8
1 4 1 10
1 4 1 8
1 4 1 10
1 4 1 8
1 4 1 10
1 4 1 8
1 4 1 10
1 4 1 8
1 4 1 10
1 4 1 8
1 4 1 10
1 4 1 8
1 4 1 10
1 4 1 8
1 4 1 10
1 4 1 8
1 4 1 10
1 4 1 8
1 4 1 10
1 4 1 8
1 4 1 10
1 4 1 8
1 4 1 10
1 4 1 8
1 4 1 10
1 4 1 8
1 4 1 10
1 4 1 8
1 4 1 10
1 4 1 8
1 4 1 10
1 4 1 8
1 4 1 10
1 4 1 8
1 4 1 10
1 4 1 8
1 4 1 10
1 4 1 8
1 4 1 10
1 4 1 8
1 4 1 10
1 4 1 8
1 4 1 10
1 4 1 8
1 4 1 10
1 4 1 8
1 4 1 10
1 4 1 8
1 4 1 10
1 4 1 8
1 4 1 10
1 4 1 8
1 4 1 10
1 4 1 8
1 4 1 10
1 4 1 8
1 4 1 10
1 4 1 8
1 4 1 10
1 4 1 8
1 4 1 10
1 4 1 8
1 4 1 10
1 4 1 8
1 4 1 10
1 4 1 8
1 4 1 10
1 4 1 8
1 4 1 10
1 4 1 8
1 4 1 10
1 4 0 6
