500
0.01 0
0.012 116
0.014 100
0.016 88
0.018 78
0.02 70
0.022 64
0.024 59
0.026 54
0.028 50
0.03 46
0.032 43
0.034 41
0.036 38
0.038 36
0.04 34
0.042 32
0.044 30
0.046 29
0.048 27
0.05 26
0.052 25
0.054 24
0.056 22
0.058 22
0.06 20
0.062 23
0.064 27
0.066 32
0.068 38
0.07 47
0.072 61
0.074 85
0.076 135
0.078 300
0.08 300
0.082 300
0.084 300
0.086 300
0.088 300
0.09 300
0.092 300
0.094 300
0.096 300
0.098 300
0.1 300
0.102 300
0.104 300
0.106 300
0.108 300
0.11 300
0.112 300
0.114 300
0.116 300
0.118 300
0.12 300
0.122 300
0.124 300
0.126 300
0.128 300
0.13 300
0.132 300
0.134 300
0.136 300
0.138 300
0.14 300
0.142 300
0.144 300
0.146 300
0.148 300
0.15 300
0.152 300
0.154 300
0.156 300
0.158 300
0.16 300
0.162 300
0.164 300
0.166 300
0.168 300
0.17 300
0.172 300
0.174 300
0.176 300
0.178 300
0.18 300
0.182 300
0.184 300
0.186 300
0.188 300
0.19 300
0.192 300
0.194 300
0.196 300
0.198 300
0.2 300
0.202 300
0.204 300
0.206 300
0.208 300
0.21 300
0.212 300
0.214 300
0.216 300
0.218 300
0.22 300
0.222 300
0.224 300
0.226 300
0.228 300
0.23 300
0.232 300
0.234 300
0.236 300
0.238 300
0.24 300
0.242 300
0.244 300
0.246 300
0.248 300
0.25 300
0.252 300
0.254 300
0.256 300
0.258 300
0.26 300
0.262 300
0.264 300
0.266 300
0.268 300
0.27 300
0.272 300
0.274 300
0.276 300
0.278 300
0.28 300
0.282 300
0.284 300
0.286 300
0.288 300
0.29 300
0.292 300
0.294 300
0.296 300
0.298 300
0.3 300
0.302 300
0.304 300
0.306 300
0.308 300
0.31 300
0.312 300
0.314 300
0.316 300
0.318 300
0.32 300
0.322 300
0.324 300
0.326 300
0.328 300
0.33 300
0.332 300
0.334 300
0.336 300
0.338 300
0.34 300
0.342 300
0.344 300
0.346 300
0.348 300
0.35 300
0.352 300
0.354 300
0.356 300
0.358 300
0.36 300
0.362 300
0.364 300
0.366 300
0.368 300
0.37 300
0.372 300
0.374 300
0.376 300
0.378 300
0.38 300
0.382 300
0.384 300
0.386 300
0.388 300
0.39 300
0.392 300
0.394 300
0.396 300
0.398 300
0.4 300
0.402 300
0.404 300
0.406 300
0.408 300
0.41 300
0.412 300
0.414 300
0.416 300
0.418 300
0.42 300
0.422 300
0.424 300
0.426 300
0.428 300
0.43 300
0.432 300
0.434 300
0.436 300
0.438 300
0.44 300
0.442 300
0.444 300
0.446 300
0.448 300
0.45 300
0.452 300
0.454 300
0.456 300
0.458 300
0.46 300
0.462 300
0.464 300
0.466 300
0.468 300
0.47 300
0.472 300
0.474 300
0.476 300
0.478 300
0.48 300
0.482 300
0.484 300
0.486 300
0.488 300
0.49 300
0.492 300
0.494 300
0.496 300
0.498 300
0.5 300
0.502 300
0.504 300
0.506 300
0.508 300
0.51 300
0.512 300
0.514 300
0.516 300
0.518 300
0.52 300
0.522 300
0.524 300
0.526 300
0.528 300
0.53 300
0.532 300
0.534 300
0.536 300
0.538 300
0.54 300
0.542 300
0.544 300
0.546 300
0.548 300
0.55 300
0.552 300
0.554 300
0.556 300
0.558 300
0.56 300
0.562 300
0.564 300
0.566 300
0.568 300
0.57 300
0.572 300
0.574 300
0.576 300
0.578 300
0.58 300
0.582 300
0.584 300
0.586 300
0.588 300
0.59 300
0.592 300
0.594 300
0.596 300
0.598 300
0.6 300
0.602 300
0.604 300
0.606 300
0.608 300
0.61 300
0.612 300
0.614 300
0.616 300
0.618 300
0.62 300
0.622 300
0.624 300
0.626 300
0.628 300
0.63 300
0.632 300
0.634 300
0.636 300
0.638 300
0.64 300
0.642 300
0.644 300
0.646 300
0.648 300
0.65 300
0.652 300
0.654 300
0.656 300
0.658 300
0.66 300
0.662 300
0.664 300
0.666 300
0.668 300
0.67 300
0.672 300
0.674 300
0.676 300
0.678 300
0.68 300
0.682 300
0.684 300
0.686 300
0.688 300
0.69 300
0.692 300
0.694 300
0.696 300
0.698 300
0.7 300
0.702 300
0.704 300
0.706 300
0.708 300
0.71 300
0.712 300
0.714 300
0.716 300
0.718 300
0.72 300
0.722 300
0.724 300
0.726 300
0.728 300
0.73 300
0.732 300
0.734 300
0.736 300
0.738 300
0.74 300
0.742 300
0.744 300
0.746 300
0.748 300
0.75 300
0.752 300
0.754 300
0.756 300
0.758 300
0.76 300
0.762 300
0.764 300
0.766 300
0.768 300
0.77 300
0.772 300
0.774 300
0.776 300
0.778 300
0.78 300
0.782 300
0.784 300
0.786 300
0.788 300
0.79 300
0.792 300
0.794 300
0.796 300
0.798 300
0.8 300
0.802 300
0.804 300
0.806 300
0.808 300
0.81 300
0.812 300
0.814 300
0.816 300
0.818 300
0.82 300
0.822 300
0.824 300
0.826 300
0.828 300
0.83 300
0.832 300
0.834 300
0.836 300
0.838 300
0.84 300
0.842 300
0.844 300
0.846 300
0.848 300
0.85 300
0.852 300
0.854 300
0.856 300
0.858 300
0.86 300
0.862 300
0.864 300
0.866 300
0.868 300
0.87 300
0.872 300
0.874 300
0.876 300
0.878 300
0.88 300
0.882 300
0.884 300
0.886 300
0.888 300
0.89 300
0.892 300
0.894 300
0.896 300
0.898 300
0.9 300
0.902 300
0.904 300
0.906 300
0.908 300
0.91 300
0.912 300
0.914 300
0.916 300
0.918 300
0.92 300
0.922 300
0.924 300
0.926 300
0.928 300
0.93 300
0.932 300
0.934 300
0.936 300
0.938 300
0.94 300
0.942 300
0.944 300
0.946 300
0.948 300
0.95 300
0.952 300
0.954 300
0.956 300
0.958 300
0.96 300
0.962 300
0.964 300
0.966 300
0.968 300
0.97 300
0.972 300
0.974 300
0.976 300
0.978 300
0.98 300
0.982 300
0.984 300
0.986 300
0.988 300
0.99 300
0.992 300
0.994 300
0.996 300
0.998 300
1 300
1.002 300
1.004 300
1.006 300
1.008 300
0.01 0
0.012 91
0.014 79
0.016 69
0.018 62
0.02 56
0.022 51
0.024 47
0.026 43
0.028 40
0.03 37
0.032 35
0.034 33
0.036 31
0.038 29
0.04 28
0.042 26
0.044 25
0.046 24
0.048 23
0.05 22
0.052 21
0.054 20
0.056 19
0.058 18
0.06 18
0.062 18
0.064 21
0.066 25
0.068 30
0.07 38
0.072 49
0.074 68
0.076 107
0.078 243
0.08 300
0.082 300
0.084 300
0.086 300
0.088 300
0.09 300
0.092 300
0.094 300
0.096 300
0.098 300
0.1 300
0.102 300
0.104 300
0.106 300
0.108 300
0.11 300
0.112 300
0.114 300
0.116 300
0.118 300
0.12 300
0.122 300
0.124 300
0.126 300
0.128 300
0.13 300
0.132 300
0.134 300
0.136 300
0.138 300
0.14 300
0.142 300
0.144 300
0.146 300
0.148 300
0.15 300
0.152 300
0.154 300
0.156 300
0.158 300
0.16 300
0.162 300
0.164 300
0.166 300
0.168 300
0.17 300
0.172 300
0.174 300
0.176 300
0.178 300
0.18 300
0.182 300
0.184 300
0.186 300
0.188 300
0.19 300
0.192 300
0.194 300
0.196 300
0.198 300
0.2 300
0.202 300
0.204 300
0.206 300
0.208 300
0.21 300
0.212 300
0.214 300
0.216 300
0.218 300
0.22 300
0.222 300
0.224 300
0.226 300
0.228 300
0.23 300
0.232 300
0.234 300
0.236 300
0.238 300
0.24 300
0.242 300
0.244 300
0.246 300
0.248 300
0.25 300
0.252 300
0.254 300
0.256 300
0.258 300
0.26 300
0.262 300
0.264 300
0.266 300
0.268 300
0.27 300
0.272 300
0.274 300
0.276 300
0.278 300
0.28 300
0.282 300
0.284 300
0.286 300
0.288 300
0.29 300
0.292 300
0.294 300
0.296 300
0.298 300
0.3 300
0.302 300
0.304 300
0.306 300
0.308 300
0.31 300
0.312 300
0.314 300
0.316 300
0.318 300
0.32 300
0.322 300
0.324 300
0.326 300
0.328 300
0.33 300
0.332 300
0.334 300
0.336 300
0.338 300
0.34 300
0.342 300
0.344 300
0.346 300
0.348 300
0.35 300
0.352 300
0.354 300
0.356 300
0.358 300
0.36 300
0.362 300
0.364 300
0.366 300
0.368 300
0.37 300
0.372 300
0.374 300
0.376 300
0.378 300
0.38 300
0.382 300
0.384 300
0.386 300
0.388 300
0.39 300
0.392 300
0.394 300
0.396 300
0.398 300
0.4 300
0.402 300
0.404 300
0.406 300
0.408 300
0.41 300
0.412 300
0.414 300
0.416 300
0.418 300
0.42 300
0.422 300
0.424 300
0.426 300
0.428 300
0.43 300
0.432 300
0.434 300
0.436 300
0.438 300
0.44 300
0.442 300
0.444 300
0.446 300
0.448 300
0.45 300
0.452 300
0.454 300
0.456 300
0.458 300
0.46 300
0.462 300
0.464 300
0.466 300
0.468 300
0.47 300
0.472 300
0.474 300
0.476 300
0.478 300
0.48 300
0.482 300
0.484 300
0.486 300
0.488 300
0.49 300
0.492 300
0.494 300
0.496 300
0.498 300
0.5 300
0.502 300
0.504 300
0.506 300
0.508 300
0.51 300
0.512 300
0.514 300
0.516 300
0.518 300
0.52 300
0.522 300
0.524 300
0.526 300
0.528 300
0.53 300
0.532 300
0.534 300
0.536 300
0.538 300
0.54 300
0.542 300
0.544 300
0.546 300
0.548 300
0.55 300
0.552 300
0.554 300
0.556 300
0.558 300
0.56 300
0.562 300
0.564 300
0.566 300
0.568 300
0.57 300
0.572 300
0.574 300
0.576 300
0.578 300
0.58 300
0.582 300
0.584 300
0.586 300
0.588 300
0.59 300
0.592 300
0.594 300
0.596 300
0.598 300
0.6 300
0.602 300
0.604 300
0.606 300
0.608 300
0.61 300
0.612 300
0.614 300
0.616 300
0.618 300
0.62 300
0.622 300
0.624 300
0.626 300
0.628 300
0.63 300
0.632 300
0.634 300
0.636 300
0.638 300
0.64 300
0.642 300
0.644 300
0.646 300
0.648 300
0.65 300
0.652 300
0.654 300
0.656 300
0.658 300
0.66 300
0.662 300
0.664 300
0.666 300
0.668 300
0.67 300
0.672 300
0.674 300
0.676 300
0.678 300
0.68 300
0.682 300
0.684 300
0.686 300
0.688 300
0.69 300
0.692 300
0.694 300
0.696 300
0.698 300
0.7 300
0.702 300
0.704 300
0.706 300
0.708 300
0.71 300
0.712 300
0.714 300
0.716 300
0.718 300
0.72 300
0.722 300
0.724 300
0.726 300
0.728 300
0.73 300
0.732 300
0.734 300
0.736 300
0.738 300
0.74 300
0.742 300
0.744 300
0.746 300
0.748 300
0.75 300
0.752 300
0.754 300
0.756 300
0.758 300
0.76 300
0.762 300
0.764 300
0.766 300
0.768 300
0.77 300
0.772 300
0.774 300
0.776 300
0.778 300
0.78 300
0.782 300
0.784 300
0.786 300
0.788 300
0.79 300
0.792 300
0.794 300
0.796 300
0.798 300
0.8 300
0.802 300
0.804 300
0.806 300
0.808 300
0.81 300
0.812 300
0.814 300
0.816 300
0.818 300
0.82 300
0.822 300
0.824 300
0.826 300
0.828 300
0.83 300
0.832 300
0.834 300
0.836 300
0.838 300
0.84 300
0.842 300
0.844 300
0.846 300
0.848 300
0.85 300
0.852 300
0.854 300
0.856 300
0.858 300
0.86 300
0.862 300
0.864 300
0.866 300
0.868 300
0.87 300
0.872 300
0.874 300
0.876 300
0.878 300
0.88 300
0.882 300
0.884 300
0.886 300
0.888 300
0.89 300
0.892 300
0.894 300
0.896 300
0.898 300
0.9 300
0.902 300
0.904 300
0.906 300
0.908 300
0.91 300
0.912 300
0.914 300
0.916 300
0.918 300
0.92 300
0.922 300
0.924 300
0.926 300
0.928 300
0.93 300
0.932 300
0.934 300
0.936 300
0.938 300
0.94 300
0.942 300
0.944 300
0.946 300
0.948 300
0.95 300
0.952 300
0.954 300
0.956 300
0.958 300
0.96 300
0.962 300
0.964 300
0.966 300
0.968 300
0.97 300
0.972 300
0.974 300
0.976 300
0.978 300
0.98 300
0.982 300
0.984 300
0.986 300
0.988 300
0.99 300
0.992 300
0.994 300
0.996 300
0.998 300
1 300
1.002 300
1.004 300
1.006 300
1.008 300
0.01 0
0.012 155
0.014 132
0.016 114
0.018 101
0.02 90
0.022 81
0.024 73
0.026 67
0.028 62
0.03 57
0.032 53
0.034 49
0.036 46
0.038 43
0.04 41
0.042 38
0.044 36
0.046 34
0.048 32
0.05 30
0.052 29
0.054 27
0.056 26
0.058 25
0.06 24
0.062 28
0.064 32
0.066 38
0.068 46
0.07 57
0.072 74
0.074 102
0.076 162
0.078 300
0.08 300
0.082 300
0.084 300
0.086 300
0.088 300
0.09 300
0.092 300
0.094 300
0.096 300
0.098 300
0.1 300
0.102 300
0.104 300
0.106 300
0.108 300
0.11 300
0.112 300
0.114 300
0.116 300
0.118 300
0.12 300
0.122 300
0.124 300
0.126 300
0.128 300
0.13 300
0.132 300
0.134 300
0.136 300
0.138 300
0.14 300
0.142 300
0.144 300
0.146 300
0.148 300
0.15 300
0.152 300
0.154 300
0.156 300
0.158 300
0.16 300
0.162 300
0.164 300
0.166 300
0.168 300
0.17 300
0.172 300
0.174 300
0.176 300
0.178 300
0.18 300
0.182 300
0.184 300
0.186 300
0.188 300
0.19 300
0.192 300
0.194 300
0.196 300
0.198 300
0.2 300
0.202 300
0.204 300
0.206 300
0.208 300
0.21 300
0.212 300
0.214 300
0.216 300
0.218 300
0.22 300
0.222 300
0.224 300
0.226 300
0.228 300
0.23 300
0.232 300
0.234 300
0.236 300
0.238 300
0.24 300
0.242 300
0.244 300
0.246 300
0.248 300
0.25 300
0.252 300
0.254 300
0.256 300
0.258 300
0.26 300
0.262 300
0.264 300
0.266 300
0.268 300
0.27 300
0.272 300
0.274 300
0.276 300
0.278 300
0.28 300
0.282 300
0.284 300
0.286 300
0.288 300
0.29 300
0.292 300
0.294 300
0.296 300
0.298 300
0.3 300
0.302 300
0.304 300
0.306 300
0.308 300
0.31 300
0.312 300
0.314 300
0.316 300
0.318 300
0.32 300
0.322 300
0.324 300
0.326 300
0.328 300
0.33 300
0.332 300
0.334 300
0.336 300
0.338 300
0.34 300
0.342 300
0.344 300
0.346 300
0.348 300
0.35 300
0.352 300
0.354 300
0.356 300
0.358 300
0.36 300
0.362 300
0.364 300
0.366 300
0.368 300
0.37 300
0.372 300
0.374 300
0.376 300
0.378 300
0.38 300
0.382 300
0.384 300
0.386 300
0.388 300
0.39 300
0.392 300
0.394 300
0.396 300
0.398 300
0.4 300
0.402 300
0.404 300
0.406 300
0.408 300
0.41 300
0.412 300
0.414 300
0.416 300
0.418 300
0.42 300
0.422 300
0.424 300
0.426 300
0.428 300
0.43 300
0.432 300
0.434 300
0.436 300
0.438 300
0.44 300
0.442 300
0.444 300
0.446 300
0.448 300
0.45 300
0.452 300
0.454 300
0.456 300
0.458 300
0.46 300
0.462 300
0.464 300
0.466 300
0.468 300
0.47 300
0.472 300
0.474 300
0.476 300
0.478 300
0.48 300
0.482 300
0.484 300
0.486 300
0.488 300
0.49 300
0.492 300
0.494 300
0.496 300
0.498 300
0.5 300
0.502 300
0.504 300
0.506 300
0.508 300
0.51 300
0.512 300
0.514 300
0.516 300
0.518 300
0.52 300
0.522 300
0.524 300
0.526 300
0.528 300
0.53 300
0.532 300
0.534 300
0.536 300
0.538 300
0.54 300
0.542 300
0.544 300
0.546 300
0.548 300
0.55 300
0.552 300
0.554 300
0.556 300
0.558 300
0.56 300
0.562 300
0.564 300
0.566 300
0.568 300
0.57 300
0.572 300
0.574 300
0.576 300
0.578 300
0.58 300
0.582 300
0.584 300
0.586 300
0.588 300
0.59 300
0.592 300
0.594 300
0.596 300
0.598 300
0.6 300
0.602 300
0.604 300
0.606 300
0.608 300
0.61 300
0.612 300
0.614 300
0.616 300
0.618 300
0.62 300
0.622 300
0.624 300
0.626 300
0.628 300
0.63 300
0.632 300
0.634 300
0.636 300
0.638 300
0.64 300
0.642 300
0.644 300
0.646 300
0.648 300
0.65 300
0.652 300
0.654 300
0.656 300
0.658 300
0.66 300
0.662 300
0.664 300
0.666 300
0.668 300
0.67 300
0.672 300
0.674 300
0.676 300
0.678 300
0.68 300
0.682 300
0.684 300
0.686 300
0.688 300
0.69 300
0.692 300
0.694 300
0.696 300
0.698 300
0.7 300
0.702 300
0.704 300
0.706 300
0.708 300
0.71 300
0.712 300
0.714 300
0.716 300
0.718 300
0.72 300
0.722 300
0.724 300
0.726 300
0.728 300
0.73 300
0.732 300
0.734 300
0.736 300
0.738 300
0.74 300
0.742 300
0.744 300
0.746 300
0.748 300
0.75 300
0.752 300
0.754 300
0.756 300
0.758 300
0.76 300
0.762 300
0.764 300
0.766 300
0.768 300
0.77 300
0.772 300
0.774 300
0.776 300
0.778 300
0.78 300
0.782 300
0.784 300
0.786 300
0.788 300
0.79 300
0.792 300
0.794 300
0.796 300
0.798 300
0.8 300
0.802 300
0.804 300
0.806 300
0.808 300
0.81 300
0.812 300
0.814 300
0.816 300
0.818 300
0.82 300
0.822 300
0.824 300
0.826 300
0.828 300
0.83 300
0.832 300
0.834 300
0.836 300
0.838 300
0.84 300
0.842 300
0.844 300
0.846 300
0.848 300
0.85 300
0.852 300
0.854 300
0.856 300
0.858 300
0.86 300
0.862 300
0.864 300
0.866 300
0.868 300
0.87 300
0.872 300
0.874 300
0.876 300
0.878 300
0.88 300
0.882 300
0.884 300
0.886 300
0.888 300
0.89 300
0.892 300
0.894 300
0.896 300
0.898 300
0.9 300
0.902 300
0.904 300
0.906 300
0.908 300
0.91 300
0.912 300
0.914 300
0.916 300
0.918 300
0.92 300
0.922 300
0.924 300
0.926 300
0.928 300
0.93 300
0.932 300
0.934 300
0.936 300
0.938 300
0.94 300
0.942 300
0.944 300
0.946 300
0.948 300
0.95 300
0.952 300
0.954 300
0.956 300
0.958 300
0.96 300
0.962 300
0.964 300
0.966 300
0.968 300
0.97 300
0.972 300
0.974 300
0.976 300
0.978 300
0.98 300
0.982 300
0.984 300
0.986 300
0.988 300
0.99 300
0.992 300
0.994 300
0.996 300
0.998 300
1 300
1.002 300
1.004 300
1.006 300
1.008 300
