7
4
1 1 1 1 4
0 1 1 1 3
0 0 1 1 2
0 0 0 1 1
4
0 0 0 1 1
0 0 1 1 2
0 1 1 1 3
1 1 1 1 4
4
1 1 1 1 4
2 3 3 3 11
2 4 4 4 15
4 5 6 7 22
4
10 6 2 0 25
5 1 -2 4 14
3 5 1 -1 10
0 6 -2 2 8
4
28.859 -0.008 2.406 19.240 30.459
14.436 -0.001 1.203 9.624 18.248
120.204 -0.032 10.024 80.144 128.156
-57.714 0.016 -4.812 -38.478 -60.908
4	
16.3820   -2.0490  -41.8290   16.3920   33.6130
307.6480  -38.4660 -840.3660  312.5280  710.3420
0.4560   -0.0570   -1.1770    0.4560    0.9490
23.2720   -2.9090  -66.3090   23.8720   57.6730
4
31.2000   -1.3200   -7.6800    4.0900  -83.3200
 7.2300 -126.0000    7.1400    3.0400   38.9000
 9.4900    6.4000    6.0000    8.4500  -56.7000
 2.6800   -3.2900    0.2800   13.4000 -504.0900	
