1 0 
0.909091 -0.909091 
0.743802 -1.65289 
0.52592 -2.17881 
0.280036 -2.45885 
0.0310461 -2.48989 
-0.19813 -2.29176 
-0.388461 -1.9033 
-0.526174 -1.37713 
-0.603533 -0.773596 
-0.618994 -0.154603 
-0.576776 0.422173 
-0.485963 0.908136 
-0.359226 1.26736 
-0.211355 1.47872 
-0.0577118 1.53643 
0.0872101 1.44922 
0.211029 1.23819 
0.304407 0.933782 
0.361623 0.572159 
0.380763 0.191396 
0.363548 -0.172151 
0.314848 -0.486999 
0.241953 -0.728952 
0.153689 -0.88264 
0.0594769 -0.942117 
-0.0315772 -0.91054 
-0.111483 -0.799057 
-0.17399 -0.625068 
-0.214997 -0.410071 
-0.232731 -0.17734 
-0.227695 0.0503551 
-0.202418 0.252773 
-0.161037 0.41381 
-0.108778 0.522588 
-0.0513812 0.573969 
0.00546884 0.5685 
0.0566535 0.511847 
0.0980348 0.413812 
0.126742 0.28707 
0.141317 0.145753 
0.14172 0.00403286 
0.129203 -0.12517 
0.106078 -0.231249 
0.0754123 -0.306661 
0.0406784 -0.34734 
0.005404 -0.352744 
-0.0271549 -0.325589 
-0.0542852 -0.271304 
-0.0740142 -0.197289 
-0.085221 -0.112068 
-0.0876617 -0.0244067 
-0.0819112 0.0575045 
-0.0692371 0.126742 
-0.0514208 0.178162 
-0.0305496 0.208712 
-0.00879856 0.217511 
0.011775 0.205736 
0.0294078 0.176328 
0.0427641 0.133564 
0.0510186 0.082545 
0.0538847 0.0286603 
0.0515916 -0.0229312 
0.0448168 -0.067748 
0.0345836 -0.102332 
0.0221368 -0.124468 
0.00880903 -0.133277 
-0.00410792 -0.129169 
-0.0154771 -0.113692 
-0.0244058 -0.0892865 
-0.030304 -0.0589825 
-0.0329112 -0.0260713 
-0.0322894 0.00621808 
-0.0287887 0.0350068 
-0.0229891 0.0579959 
-0.0156268 0.0736227 
-0.00751324 0.0811359 
0.000545778 0.0805902 
0.00782254 0.0727676 
0.0137266 0.059041 
0.0178461 0.0411949 
0.0199687 0.0212261 
0.020083 0.00114308 
0.0183612 -0.0172182 
0.0151267 -0.0323449 
0.0108111 -0.043156 
0.00590503 -0.0490611 
0.000908114 -0.0499692 
-0.00371709 -0.0462521 
-0.00758391 -0.0386682 
-0.0104098 -0.0282584 
-0.0120324 -0.0162261 
-0.0124136 -0.00381245 
-0.0116317 0.00781923 
-0.00986342 0.0176826 
-0.00735923 0.0250419 
-0.00441367 0.0294555 
-0.00133465 0.0307902 
0.00158579 0.0292044 
0.00409657 0.0251078 
0.00600669 0.0191012 
