1 0 
0.166667 6.66667 
-4.41667 2.22222 
-2.21759 -29.0741 
19.0131 -19.6296 
16.2553 123.483 
-79.6125 128.949 
-99.2347 -509.258 
322.966 -746.441 
551.455 2028.7 
-1260.56 4014.48 
-2886.42 -7734.65 
4675.36 -20531.9 
14467.1 27747.1 
-16086.9 101072 
-70062.6 -90400.5 
48589.9 -482151 
329532 243574 
-107461 2.23748e+06 
-1.50956e+06 -343492 
-22598.6 -1.0121e+07 
6.74356e+06 -1.83749e+06 
2.34892e+06 4.46508e+07 
-2.93757e+07 2.31013e+07 
-2.02968e+07 -1.91988e+08 
1.24609e+08 -1.6731e+08 
1.32308e+08 8.02843e+08 
-5.13177e+08 1.01586e+09 
-7.62771e+08 -3.25187e+09 
2.04079e+09 -5.62712e+09 
4.09154e+09 1.26674e+10 
-7.763e+09 2.93882e+10 
-2.08859e+10 -4.68553e+10 
2.77559e+10 -1.47049e+11 
1.02659e+11 1.60531e+11 
-8.99109e+10 7.11146e+11 
-4.89082e+11 -4.80882e+11 
2.39074e+11 -3.34069e+12 
2.26698e+12 1.03705e+12 
-3.13534e+11 1.5286e+13 
-1.02429e+13 4.57441e+11 
-2.01212e+12 -6.821e+13 
4.5138e+13 -2.47824e+13 
2.40446e+13 2.96789e+14 
-1.93852e+14 2.09762e+14 
-1.7215e+14 -1.25739e+15 
8.09566e+14 -1.35723e+15 
1.03975e+15 5.1709e+15 
-3.27398e+15 7.79348e+15 
-5.74132e+15 -2.05276e+16 
1.27282e+16 -4.16967e+16 
2.99192e+16 7.79051e+16 
-4.69502e+16 2.12445e+17 
-1.49455e+17 -2.77594e+17 
1.60153e+17 -1.04263e+18 
7.21781e+17 8.93916e+17 
-4.75647e+17 4.96086e+18 
-3.38652e+18 -2.34417e+18 
9.98362e+17 -2.29675e+19 
1.5478e+19 2.82783e+18 
6.94451e+17 1.03658e+20 
-6.89897e+19 2.1906e+19 
-2.61023e+19 -4.56281e+20 
2.99837e+20 -2.50062e+20 
2.16681e+20 1.95723e+21 
-1.26871e+21 1.77075e+21 
-1.39195e+21 -8.16294e+21 
5.20997e+21 -1.06401e+22 
7.96176e+21 3.29598e+22 
-2.06462e+22 5.85717e+22 
-4.24888e+22 -1.27879e+23 
7.81715e+22 -3.04572e+23 
2.16077e+23 4.70381e+23 
-2.77575e+23 1.51891e+24 
-1.05887e+24 -1.59735e+24 
8.8842e+23 -7.32534e+24 
5.03163e+24 4.70191e+24 
-2.296e+24 3.43279e+25 
-2.32679e+25 -9.58537e+24 
2.51226e+24 -1.56717e+26 
1.04897e+26 -9.37106e+24 
2.37302e+25 6.97749e+26 
-4.61211e+26 2.74493e+26 
-2.59864e+26 -3.02899e+27 
1.97602e+27 -2.23726e+27 
1.82084e+27 1.28006e+28 
-8.23024e+27 1.42724e+28 
-1.08866e+28 -5.24896e+28 
3.31786e+28 -8.13257e+28 
5.97469e+28 2.07636e+29 
-1.28466e+29 4.32919e+29 
-3.10024e+29 -7.8429e+29 
4.71189e+29 -2.19754e+30 
1.54356e+30 2.77501e+30 
-1.59274e+30 1.07529e+31 
-7.43405e+30 -8.82615e+30 
4.64509e+30 -5.10313e+31 
3.47951e+31 2.24621e+31 
-9.17552e+30 2.35711e+32 
-1.5867e+32 -2.1885e+31 
-1.1855e+31 -1.06145e+33 
7.05655e+32 -2.55941e+32 
2.88236e+32 4.66171e+33 
-3.05977e+33 2.69853e+33 
-2.30898e+33 -1.99487e+34 
1.29143e+34 -1.8718e+34 
1.4631e+34 8.29757e+34 
-5.28786e+34 1.1137e+35 
-8.30595e+34 -3.33962e+35 
2.08798e+35 -6.0939e+35 
4.4106e+35 1.29042e+36 
-7.86773e+35 3.15547e+36 
-2.23478e+36 -4.71924e+36 
2.7737e+36 -1.5685e+37 
1.0919e+37 1.58771e+37 
-8.76494e+36 7.54394e+37 
-5.17537e+37 -4.58597e+37 
2.19475e+37 -3.52668e+38 
2.3877e+38 8.75386e+37 
-1.85641e+37 1.60639e+39 
-1.07402e+39 1.43971e+38 
-2.74984e+38 -7.13614e+39 
4.7116e+39 -3.02259e+39 
2.80032e+39 3.09069e+40 
-2.01379e+40 2.382e+40 
-1.92363e+40 -1.30282e+41 
8.36489e+40 -1.49956e+41 
1.13912e+41 5.32667e+41 
-3.36126e+41 8.48191e+41 
-6.21482e+41 -2.09947e+42 
1.29607e+42 -4.49312e+42 
3.21143e+42 7.89161e+42 
-4.72584e+42 2.27248e+43 
-1.59375e+43 -2.77181e+43 
1.58225e+43 -1.1087e+44 
7.65502e+43 8.7005e+43 
-4.5245e+43 5.24835e+44 
-3.57431e+44 -2.14161e+44 
8.32019e+43 -2.41857e+45 
1.62625e+45 1.51585e+44 
1.69984e+44 1.08669e+46 
-7.21627e+45 2.94438e+45 
-3.16563e+45 -4.76177e+46 
3.12175e+46 -2.90405e+46 
2.45633e+46 2.03277e+47 
-1.31424e+47 1.97634e+47 
-1.5366e+47 -8.43221e+47 
5.36537e+47 -1.16494e+48 
8.66049e+47 3.38276e+48 
-2.11083e+48 6.33745e+48 
-4.57677e+48 -1.3016e+49 
7.91452e+48 -3.26812e+49 
2.31065e+49 4.73166e+49 
-2.76933e+49 1.6193e+50 
-1.12569e+50 -1.57634e+50 
8.63277e+49 -7.7673e+50 
5.32208e+50 4.46063e+50 
-2.08674e+50 3.6224e+51 
-2.44971e+51 -7.87429e+50 
1.16668e+50 -1.64626e+52 
1.09945e+52 -1.96599e+51 
3.14308e+51 7.29692e+52 
-4.81223e+52 3.31154e+52 
-3.00973e+52 -3.15296e+53 
2.05181e+53 -2.53198e+53 
2.02996e+53 1.32567e+54 
-8.49951e+53 1.57425e+54 
-1.19116e+54 -5.40396e+54 
3.40412e+54 -8.84172e+54 
6.46183e+54 2.12205e+55 
-1.307e+55 4.66156e+55 
-3.32554e+55 -7.93642e+55 
4.73669e+55 -2.3493e+56 
1.64515e+56 2.76624e+56 
-1.56997e+56 1.14287e+57 
-7.88078e+56 -8.56169e+56 
4.39433e+56 -5.39655e+57 
3.67094e+57 2.03013e+57 
-7.41596e+56 2.48113e+58 
-1.66644e+58 -8.08761e+56 
-2.23823e+57 -1.11231e+59 
7.3781e+58 -3.34601e+58 
3.46036e+58 4.86297e+59 
-3.18431e+59 3.1174e+59 
-2.60898e+59 -2.07091e+60 
1.33713e+60 -2.08447e+60 
1.6125e+60 8.56677e+60 
-5.44243e+60 1.21778e+61 
-9.02562e+60 -3.42532e+61 
2.13312e+61 -6.58797e+61 
4.7475e+61 1.31228e+62 
-7.95729e+61 3.38371e+62 
-2.38843e+62 -4.74091e+62 
2.76253e+62 -1.6713e+63 
1.16024e+63 1.56314e+63 
-8.48718e+62 7.99548e+63 
-5.47177e+63 -4.32554e+63 
1.97173e+63 -3.71994e+64 
2.51282e+64 6.94498e+63 
-4.41953e+62 1.68679e+65 
-1.12526e+65 2.51668e+64 
-3.55323e+64 -7.45981e+65 
4.91399e+65 -3.61212e+65 
3.22708e+65 3.21579e+66 
-2.09007e+66 2.68735e+66 
-2.13991e+66 -1.34859e+67 
8.63397e+66 -1.65137e+67 
1.24482e+67 5.48075e+67 
-3.44637e+67 9.21223e+67 
-6.71588e+67 -2.14404e+68 
1.31743e+68 -4.83459e+68 
3.44263e+68 7.97709e+68 
-4.74429e+68 2.42804e+69 
-1.69777e+69 -2.75819e+69 
1.55583e+69 -1.17781e+70 
8.11139e+69 8.40918e+69 
-4.25422e+69 5.54775e+70 
-3.7694e+70 -1.91152e+70 
6.46115e+69 -2.54479e+71 
1.7073e+71 6.61088e+68 
2.80142e+70 1.13831e+72 
-7.54203e+71 3.7648e+71 
-3.76687e+71 -4.96528e+72 
3.2474e+72 -3.33879e+72 
2.7671e+72 2.10929e+73 
-1.36007e+73 2.19628e+73 
-1.69086e+73 -8.70112e+73 
5.51893e+73 -1.27226e+74 
9.40157e+73 3.46724e+74 
-2.1548e+74 6.84559e+74 
-4.92286e+74 -1.32244e+75 
7.99581e+74 -3.50231e+75 
2.46814e+75 4.74682e+75 
-2.75319e+75 1.72454e+76 
-1.19558e+76 -1.54804e+76 
8.32762e+75 -8.22853e+76 
5.62448e+76 4.18032e+76 
-1.84947e+76 3.81933e+77 
-2.57704e+77 -5.96423e+76 
-3.18917e+75 -1.72797e+78 
1.15145e+78 -3.09256e+77 
3.98079e+77 7.62478e+78 
-5.01684e+78 3.92465e+78 
-3.45258e+78 -3.27915e+79 
2.12856e+79 -2.84824e+79 
2.25359e+79 1.37157e+80 
-8.76818e+79 1.73099e+80 
-1.30013e+80 -5.55695e+80 
3.48795e+80 -9.59367e+80 
6.9771e+80 2.1654e+81 
-1.32732e+81 5.0123e+81 
-3.56276e+81 -8.0134e+81 
4.74847e+81 -2.50873e+82 
1.75163e+82 2.74753e+82 
-1.53975e+82 1.21354e+83 
-8.34691e+82 -8.24242e+82 
4.10379e+82 -5.70198e+83 
3.86972e+83 1.78553e+83 
-5.45402e+82 2.60957e+84 
-1.7488e+84 7.13272e+82 
-3.39019e+83 -1.16468e+85 
7.70803e+84 -4.20126e+84 
4.08551e+84 5.06867e+85 
-3.31102e+85 3.56845e+85 
-2.9308e+85 -2.14787e+86 
1.38307e+86 -2.31185e+86 
1.77174e+86 8.83514e+86 
-5.59481e+86 1.32841e+87 
-9.78857e+86 -3.50847e+87 
2.17584e+87 -7.11045e+87 
5.10294e+87 1.33205e+88 
-8.02984e+87 3.62397e+88 
-2.54981e+88 -4.74923e+88 
2.74119e+88 -1.77903e+89 
1.2317e+89 1.53095e+89 
-8.15351e+88 8.46652e+89 
-5.78024e+89 -4.02459e+89 
1.71968e+89 -3.92057e+90 
2.64238e+90 4.93028e+89 
1.11711e+89 1.7698e+91 
-1.17801e+91 3.69441e+90 
-4.42628e+90 -7.79179e+91 
5.12076e+91 -4.24949e+91 
3.68645e+91 3.34301e+92 
-2.16724e+92 3.0148e+92 
-2.37107e+92 -1.39458e+93 
8.902e+92 -1.81315e+93 
1.35713e+93 5.63248e+93 
-3.5288e+93 9.98628e+93 
-7.24565e+93 -2.18609e+94 
1.33663e+94 -5.19478e+94 
3.68596e+94 8.0451e+94 
-4.74907e+94 2.59139e+95 
-1.80675e+95 -2.73415e+95 
1.52164e+95 -1.25007e+96 
8.58739e+95 8.06083e+95 
-3.94265e+95 5.85927e+96 
-3.97189e+96 -1.65189e+96 
4.39279e+95 -2.67546e+97 
1.79096e+97 -1.53057e+96 
4.00532e+96 1.19142e+98 
-7.87606e+97 4.65592e+97 
-4.41662e+97 -5.17311e+98 
3.37513e+98 -3.8066e+98 
3.10025e+98 2.18664e+99 
-1.40609e+99 2.43128e+99 
-1.8552e+99 -8.96873e+99 
5.66995e+99 -1.38628e+100 
1.01869e+100 3.54892e+100 
-2.19617e+100 7.38272e+100 
-5.28784e+100 -1.34107e+101 
8.05913e+100 -3.74874e+101 
2.63348e+101 4.74797e+101 
-2.7264e+101 1.83478e+102 
-1.26863e+102 -1.5118e+102 
7.96429e+101 -8.7095e+102 
5.93907e+102 3.85794e+102 
-1.58212e+102 4.02368e+103 
-2.70882e+103 -3.84132e+102 
-1.95382e+102 -1.81228e+104 
1.20493e+104 -4.32302e+103 
4.89024e+103 7.96083e+104 
-5.22572e+104 4.58696e+104 
-3.92893e+104 -3.40736e+105 
2.20609e+105 -3.18718e+105 
2.49247e+105 1.41761e+106 
-9.03532e+105 1.89791e+106 
-1.41586e+106 -5.70722e+106 
3.56884e+106 -1.03903e+107 
7.52167e+106 2.20605e+107 
-1.34534e+107 5.38212e+107 
-3.81231e+107 -8.07192e+107 
4.7459e+107 -2.67607e+108 
1.86314e+108 2.71792e+108 
-1.50142e+108 1.2874e+109 
-8.83287e+108 -7.86383e+108 
3.77041e+108 -6.01965e+109 
4.07594e+109 1.51033e+109 
-3.27564e+108 2.74246e+110 
-1.83377e+110 2.38701e+109 
-4.64762e+109 -1.21853e+111 
8.0461e+110 -5.12931e+110 
4.76055e+110 5.27858e+111 
-3.43971e+111 4.05347e+111 
-3.27559e+111 -2.22558e+112 
1.42913e+112 -2.55466e+112 
1.94129e+112 9.10174e+112 
-5.74428e+112 1.44589e+113 
-1.05967e+113 -3.58854e+113 
2.21575e+113 -7.66253e+113 
5.47764e+113 1.34946e+114 
-8.08343e+113 3.87667e+114 
-2.71917e+114 -4.74284e+114 
2.7087e+114 -1.89183e+115 
1.30636e+115 1.4905e+115 
-7.75936e+114 8.95751e+115 
-6.101e+115 -3.67999e+115 
1.43649e+115 -4.12866e+116 
2.77638e+116 2.69551e+115 
2.8303e+115 1.85542e+117 
-1.23223e+117 4.97923e+116 
-5.37319e+116 -8.13186e+117 
5.33168e+117 -4.93744e+117 
4.18024e+117 3.47217e+118 
-2.24511e+118 3.36552e+118 
-2.61786e+118 -1.44065e+119 
9.16799e+118 -1.98535e+119 
1.47637e+119 5.7811e+119 
-3.60801e+119 1.0806e+120 
-7.80531e+119 -2.22524e+120 
1.3534e+120 -5.57441e+120 
3.94184e+120 8.09363e+120 
-4.73878e+120 2.76279e+121 
-1.92084e+121 -2.69872e+121 
1.47901e+121 -1.32554e+122 
9.08342e+121 7.65081e+121 
-3.58664e+121 6.18313e+122 
-4.18186e+122 -1.36057e+122 
2.1007e+121 -2.81058e+123 
1.87722e+123 -3.28384e+122 
5.31793e+122 1.24601e+124 
-8.2181e+123 5.62197e+123 
-5.11766e+123 -5.38503e+124 
3.50473e+124 -4.30928e+124 
3.45698e+124 2.26466e+125 
-1.45216e+125 2.68209e+125 
-2.03009e+125 -9.23405e+125 
5.81768e+125 -1.50729e+126 
1.10182e+126 3.62724e+126 
-2.23452e+126 7.95003e+126 
-5.67244e+126 -1.35718e+127 
8.10247e+126 -4.00783e+127 
2.80692e+127 4.73367e+127 
-2.68796e+127 1.95018e+128 
-1.34492e+128 -1.46695e+128 
7.53811e+127 -9.21061e+128 
6.26604e+128 3.4903e+128 
-1.28253e+128 4.23553e+129 
-2.84506e+129 -1.49096e+128 
-3.7478e+128 -1.89919e+130 
1.25988e+130 -5.66386e+129 
5.87571e+129 8.30482e+130 
-5.43862e+130 5.30128e+130 
-4.44062e+130 -3.53739e+131 
2.28425e+131 -3.54998e+131 
2.74736e+131 1.46367e+132 
-9.29989e+131 2.07552e+132 
-1.53868e+132 -5.85401e+132 
3.64623e+132 -1.12335e+133 
8.09672e+132 2.24359e+133 
-1.36078e+133 5.77174e+133 
-4.07463e+133 -8.10993e+133 
4.72751e+133 -2.85158e+134 
1.97985e+134 2.67641e+134 
-1.4543e+134 1.3645e+135 
-9.33908e+134 -7.42116e+134 
3.39093e+134 -6.34974e+135 
4.28968e+135 1.20233e+135 
-8.66056e+133 2.87982e+136 
-1.92133e+136 4.22233e+135 
-6.0171e+135 -1.27385e+137 
8.39202e+136 -6.13448e+136 
5.48832e+136 5.49244e+137 
-3.57016e+137 4.57429e+137 
-3.64455e+137 -2.30387e+138 
1.47517e+138 -2.81368e+138 
2.12165e+138 9.36551e+138 
-5.89006e+138 1.57052e+139 
-1.14518e+139 -3.66495e+139 
2.25244e+139 -8.24538e+139 
5.87233e+139 1.3642e+140 
-8.11597e+139 4.14225e+140 
-2.89677e+140 -4.72027e+140 
2.66405e+140 -2.00985e+141 
1.3843e+141 1.44106e+141 
-7.2999e+140 9.46885e+141 
-6.43423e+141 -3.28846e+141 
1.11993e+141 -4.34429e+142 
2.91486e+142 2.25735e+140 
4.70761e+141 1.94362e+143 
-1.2879e+143 6.37777e+142 
-6.39834e+142 -8.47969e+143 
5.54649e+143 -5.67885e+143 
4.71031e+143 3.60301e+144 
-2.3235e+144 3.74071e+144 
-2.88106e+144 -1.48666e+145 
9.43087e+144 -2.16848e+145 
1.60284e+145 5.92583e+145 
-3.68342e+145 1.16732e+146 
-8.39604e+145 -2.26106e+146 
1.36744e+146 -5.9742e+146 
4.21071e+146 8.12055e+146 
-4.71192e+146 2.94248e+147 
-2.04019e+147 -2.65086e+147 
1.42721e+147 -1.40431e+148 
9.5999e+147 7.17424e+147 
-3.18284e+147 6.51951e+148 
-4.39939e+148 -1.03531e+148 
-4.30252e+146 -2.95018e+149 
1.96607e+149 -5.2038e+148 
6.74598e+148 1.30204e+150 
-8.56783e+149 6.66739e+149 
-5.8729e+149 -5.60076e+150 
3.63596e+150 -4.84872e+150 
3.83848e+150 2.34316e+151 
-1.49813e+151 2.94951e+151 
-2.21603e+151 -9.49597e+151 
5.96131e+151 -1.63562e+152 
1.18977e+152 3.7016e+152 
-2.26944e+152 8.54872e+152 
-6.07739e+152 -1.37048e+153 
8.12365e+152 -4.28e+153 
2.98873e+153 4.70243e+153 
-2.63683e+153 2.07086e+154 
-1.42452e+154 -1.41274e+154 
7.04409e+153 -9.73226e+154 
6.60558e+154 3.07402e+154 
-9.48415e+153 4.45495e+155 
-2.98578e+155 1.10216e+154 
-5.71106e+154 -1.98868e+156 
1.31627e+156 -7.12184e+155 
6.94167e+155 8.65642e+156 
-5.65525e+156 6.07052e+156 
-4.98956e+156 -3.66899e+157 
2.36284e+157 -3.93787e+157 
3.01905e+157 1.50959e+158 
-9.56078e+157 2.2643e+158 
-1.66888e+158 -5.99647e+158 
3.7195e+158 -1.21253e+159 
8.70344e+158 2.27758e+159 
-1.37333e+159 6.18189e+159 
-4.35015e+159 -8.12521e+159 
4.69178e+159 -3.03552e+160 
2.10187e+160 2.62194e+160 
-1.39764e+160 1.44495e+161 
-9.86593e+160 -6.90938e+160 
2.96193e+160 -6.69244e+161 
4.511e+161 8.59214e+160 
1.79024e+160 3.02165e+162 
-2.01145e+162 6.22957e+161 
-7.50547e+161 -1.33058e+163 
8.74547e+162 -7.22128e+162 
6.27177e+162 5.70996e+163 
-3.70211e+163 5.13284e+163 
-4.03891e+163 -2.38253e+164 
1.52104e+164 -3.08969e+164 
2.3133e+164 9.62529e+164 
-6.03131e+164 1.70262e+165 
-1.2356e+165 -3.7371e+165 
2.28547e+165 -8.86021e+165 
6.28772e+165 1.37597e+166 
-8.12521e+165 4.42114e+166 
-3.08285e+166 -4.67995e+166 
2.60616e+166 -2.13323e+167 
1.46559e+167 1.3819e+167 
-6.77002e+166 1.00009e+168 
-6.78011e+167 -2.84653e+167 
7.67667e+166 -4.56751e+168 
3.0578e+168 -2.49475e+167 
6.7595e+167 2.03438e+169 
-1.34499e+169 7.89697e+168 
-7.50629e+168 -8.83496e+169 
5.76487e+169 -6.47669e+169 
5.2786e+169 3.7353e+170 
-2.40222e+170 4.14162e+170 
-3.16145e+170 -1.53246e+171 
9.68946e+170 -2.36304e+171 
1.73685e+171 6.0658e+171 
-3.75439e+171 1.259e+172 
-9.01905e+171 -2.2931e+172 
1.37841e+172 -6.39489e+172 
4.49299e+172 8.1236e+172 
-4.6669e+172 3.13072e+173 
-2.16493e+173 -2.58948e+173 
1.3655e+173 -1.48644e+174 
1.01372e+174 6.62592e+173 
-2.72775e+173 6.86857e+174 
-4.62451e+174 -6.73735e+173 
-3.21595e+173 -3.09424e+175 
2.05746e+175 -7.30103e+174 
8.29646e+174 1.35947e+176 
-8.92489e+175 7.79676e+175 
-6.68532e+175 -5.81998e+176 
3.76856e+176 -5.42688e+176 
4.24601e+176 2.42193e+177 
-1.54385e+177 3.23433e+177 
-2.41353e+177 -9.75329e+177 
6.09994e+177 -1.77157e+178 
1.28272e+178 3.77136e+178 
-2.30046e+178 9.18e+178 
-6.50341e+178 -1.38064e+179 
8.12035e+178 -4.56571e+179 
3.17915e+179 4.65262e+179 
-2.57189e+179 2.19697e+180 
-1.50751e+180 -1.34843e+180 
6.477e+179 -1.02748e+181 
6.95784e+180 2.60553e+180 
-5.77379e+179 4.68199e+181 
-3.13095e+181 3.95411e+180 
-7.85432e+180 -2.08071e+182 
1.37405e+182 -8.70406e+181 
8.09279e+181 9.01525e+182 
-5.87529e+182 6.89773e+182 
-5.5777e+182 -3.8019e+183 
2.44164e+183 -4.35212e+183 
3.30835e+183 1.55522e+184 
-9.81675e+183 2.46477e+184 
-1.80679e+184 -6.13371e+184 
3.78801e+184 -1.30676e+185 
9.34305e+184 2.30754e+185 
-1.38265e+185 6.61329e+185 
-4.6393e+185 -8.11542e+185 
4.63706e+185 -3.22812e+186 
2.22937e+186 2.55336e+186 
-1.33068e+186 1.5288e+187 
-1.04138e+187 -6.32317e+186 
2.47981e+186 -7.04791e+187 
4.73994e+187 4.78558e+186 
4.70951e+186 3.16793e+188 
-2.10411e+188 8.41956e+187 
-9.11988e+187 -1.38871e+189 
9.10604e+188 -8.39443e+188 
7.11396e+188 5.93078e+189 
-3.83529e+189 5.7311e+189 
-4.45995e+189 -2.46134e+190 
1.56656e+190 -3.38352e+190 
2.51678e+190 9.87982e+190 
-6.16709e+190 1.84251e+191 
-1.33113e+191 -3.80431e+191 
2.31435e+191 -9.50824e+191 
6.72455e+191 1.38443e+192 
-8.10877e+191 4.71377e+192 
-3.27766e+192 -4.62022e+192 
2.53387e+192 -2.26211e+193 
1.5503e+193 1.31223e+193 
-6.16433e+192 1.05541e+194 
-7.13878e+193 -2.35054e+193 
3.77232e+192 -4.79837e+194 
3.2052e+194 -5.48239e+193 
8.99693e+193 2.12766e+195 
-1.40345e+195 9.54405e+194 
-8.70178e+194 -9.19724e+195 
5.98646e+195 -7.33406e+195 
5.88712e+195 3.86874e+196 
-2.48104e+196 4.56953e+196 
-3.45986e+196 -1.57787e+197 
9.94248e+196 -2.56955e+197 
1.87874e+197 6.20006e+197 
-3.82025e+197 1.35583e+198 
-9.67558e+197 -2.32086e+198 
1.38598e+198 -6.83719e+198 
4.78913e+198 8.10035e+198 
-4.60204e+198 3.32776e+199 
-2.29521e+199 -2.5134e+199 
1.29307e+199 -1.57203e+200 
1.06957e+200 6.00041e+199 
-2.21766e+199 7.23047e+200 
-4.85727e+200 -2.7336e+199 
-6.27305e+199 -3.24274e+201 
2.15137e+201 -9.5866e+200 
9.97668e+200 1.41827e+202 
-9.28885e+201 9.0149e+201 
-7.55808e+201 -6.04232e+202 
3.90224e+202 -6.04577e+202 
4.68089e+202 2.50073e+203 
-1.58914e+203 3.53738e+203 
-2.62311e+203 -1.00047e+204 
6.23262e+203 -1.91549e+204 
1.38087e+204 3.83583e+204 
-2.32708e+204 9.84509e+204 
-6.95124e+204 -1.3873e+205 
8.09013e+204 -4.86538e+205 
3.37842e+205 4.58252e+205 
-2.49194e+205 2.32865e+206 
-1.59397e+206 -1.27319e+206 
5.8313e+205 -1.08387e+207 
7.32296e+206 2.08109e+206 
-1.669e+205 4.91666e+207 
-3.28055e+207 7.08176e+206 
-1.01888e+207 -2.17523e+208 
1.43317e+208 -1.04179e+208 
9.33389e+207 9.38086e+208 
-6.09834e+208 7.78607e+208 
-6.2071e+208 -3.93579e+209 
2.52041e+209 -4.79403e+209 
3.61609e+209 1.60037e+210 
-1.00665e+210 2.67746e+210 
-1.95275e+210 -6.26474e+210 
3.85104e+210 -1.40624e+211 
1.00168e+211 2.33298e+211 
-1.38838e+211 7.06669e+211 
-4.94252e+211 -8.07806e+211 
4.56162e+211 -3.42965e+212 
2.36246e+212 2.46947e+212 
-1.25257e+212 1.61613e+213 
-1.0983e+213 -5.65691e+212 
1.94078e+212 -7.41626e+213 
4.97652e+213 5.78094e+211 
7.90881e+212 3.31864e+214 
-2.19925e+214 1.08036e+214 
-1.08678e+214 -1.44816e+215 
9.47327e+214 -9.65881e+214 
8.01809e+214 6.15453e+215 
-3.96939e+215 6.37115e+215 
-4.90899e+215 -2.54007e+216 
1.61156e+216 -3.69601e+216 
2.7326e+216 1.01278e+217 
-6.29641e+216 1.99053e+217 
-1.43196e+217 -3.86585e+217 
2.33857e+217 -1.01907e+218 
7.18357e+217 1.3892e+218 
-8.0641e+217 5.02058e+218 
-3.48145e+218 -4.5393e+218 
2.44596e+218 -2.39662e+219 
1.63852e+219 1.2312e+219 
-5.47715e+218 1.11286e+220 
-7.51038e+219 -1.79666e+219 
-5.39536e+217 -5.03686e+220 
3.35701e+220 -8.75446e+219 
1.14313e+220 2.22341e+221 
-1.46322e+221 1.13266e+221 
-9.98976e+220 -9.56605e+221 
6.21087e+221 -8.25418e+221 
6.53793e+221 4.00301e+222 
-2.55971e+222 5.02579e+222 
-3.77714e+222 -1.62271e+223 
1.01885e+223 -2.78855e+223 
2.02884e+223 6.3276e+223 
-3.88026e+223 1.45802e+224 
-1.03668e+224 -2.34384e+224 
1.38978e+224 -7.30187e+224 
5.09954e+224 8.04821e+224 
-4.51555e+224 3.53383e+225 
-2.43115e+225 -2.42139e+225 
1.20907e+225 -1.66112e+226 
1.12757e+226 5.29193e+225 
-1.64868e+225 7.6053e+226 
-5.09768e+226 1.68432e+225 
-9.61902e+225 -3.39565e+227 
2.24773e+227 -1.20721e+227 
1.17943e+227 1.47837e+228 
-9.65922e+227 1.03268e+228 
-8.4944e+227 -6.26736e+228 
4.03667e+228 -6.7075e+228 
5.14444e+228 2.57932e+229 
-1.63381e+229 3.85951e+229 
-2.84531e+229 -1.02488e+230 
6.35831e+229 -2.06769e+230 
1.48443e+230 3.89426e+230 
-2.34877e+230 1.05452e+231 
-7.42162e+230 -1.39009e+231 
8.03034e+230 -5.17943e+231 
3.58679e+231 4.49032e+231 
-2.39575e+231 2.46603e+232 
-1.68395e+232 -1.18616e+232 
5.10114e+231 -1.1424e+233 
7.70104e+232 1.49675e+232 
2.85671e+231 5.15898e+233 
-3.43456e+233 1.05028e+233 
-1.27261e+233 -2.2722e+234 
1.49359e+234 -1.22711e+234 
1.067e+234 9.75274e+234 
-6.324e+234 8.73881e+234 
-6.87987e+234 -4.07035e+235 
2.5989e+235 -5.26497e+235 
3.94313e+235 1.64485e+236 
-1.03085e+236 2.9029e+236 
-2.10707e+236 -6.38851e+236 
3.90783e+236 -1.51119e+237 
1.07259e+237 2.35335e+237 
-1.39014e+237 7.54283e+237 
-5.26024e+237 -8.01045e+237 
4.46359e+237 -3.64034e+238 
2.50128e+238 2.369e+238 
-1.16246e+238 1.70701e+239 
-1.15738e+239 -4.90469e+238 
1.34083e+238 -7.7976e+239 
5.22075e+239 -4.05713e+238 
1.1406e+239 3.47374e+240 
-2.29681e+240 1.33936e+240 
-1.27571e+240 -1.50889e+241 
9.84663e+240 -1.10195e+241 
8.98745e+240 6.38076e+241 
-4.10405e+241 7.05509e+241 
-5.3874e+241 -2.61845e+242 
1.65584e+242 -4.02801e+242 
2.96131e+242 1.03676e+243 
-6.41819e+242 2.147e+243 
-1.53831e+243 -3.92096e+243 
2.35759e+243 -1.09089e+244 
7.66551e+243 1.38991e+244 
-7.98849e+243 5.34199e+244 
-3.69447e+244 -4.43533e+244 
2.34114e+244 -2.5369e+245 
1.73029e+245 1.13794e+245 
-4.70248e+244 1.17249e+246 
-7.89497e+245 -1.18084e+245 
-5.28603e+244 -5.283e+246 
3.51319e+246 -1.2329e+246 
1.40747e+246 2.32158e+247 
-1.52426e+247 1.32524e+247 
-1.13754e+247 -9.94086e+247 
6.43765e+247 -9.24039e+247 
7.2332e+247 4.13776e+248 
-2.63795e+248 5.51176e+248 
-4.11417e+248 -1.66677e+249 
1.04261e+249 -3.02057e+249 
2.18748e+249 6.44732e+249 
-3.93363e+249 1.56578e+250 
-1.10941e+250 -2.36146e+250 
1.3894e+250 -7.78966e+250 
5.42467e+250 7.96442e+250 
-4.4055e+250 3.74919e+251 
-2.57288e+251 -2.31214e+251 
1.11261e+251 -1.75379e+252 
1.18774e+252 4.49441e+251 
-1.01671e+251 7.99316e+252 
-5.34572e+252 6.54387e+251 
-1.32721e+252 -3.55291e+253 
2.34648e+253 -1.47696e+253 
1.37572e+253 1.53971e+254 
-1.00354e+254 1.17376e+254 
-9.49767e+253 -6.49466e+254 
4.17148e+254 -7.41422e+254 
5.63806e+254 2.65741e+255 
-1.67764e+255 4.20161e+255 
-3.08068e+255 -1.0484e+256 
6.47589e+255 -2.22852e+256 
1.59361e+256 3.94584e+256 
-2.36496e+256 1.12817e+257 
-7.9153e+256 -1.38861e+257 
7.93819e+256 -5.5083e+257 
3.80451e+257 4.37408e+257 
-2.28197e+257 2.60924e+258 
-1.77753e+258 -1.08644e+258 
4.28038e+257 -1.20312e+259 
8.09217e+258 8.48377e+257 
7.8311e+257 5.40892e+259 
-3.59289e+259 1.42356e+259 
-1.54786e+259 -2.37154e+260 
1.55523e+260 -1.42716e+260 
1.21064e+260 1.01303e+261 
-6.55177e+260 9.75935e+260 
-7.59819e+260 -4.20519e+261 
2.67682e+261 -5.76633e+261 
4.29036e+261 1.68844e+262 
-1.05412e+262 3.14164e+262 
-2.27012e+262 -6.50388e+262 
3.95757e+262 -1.62181e+263 
1.14717e+263 2.36808e+263 
-1.38752e+263 8.04245e+263 
-5.59289e+263 -7.90975e+263 
4.34102e+263 -3.86042e+264 
2.64596e+264 2.25061e+264 
-1.05941e+264 1.80149e+265 
-1.21865e+265 -4.06027e+264 
6.75769e+263 -8.19199e+265 
5.47259e+265 -9.14819e+264 
1.52198e+265 3.63315e+266 
-2.39673e+266 1.62018e+266 
-1.47957e+266 -1.57082e+267 
1.02255e+267 -1.24818e+267 
1.00255e+267 6.60898e+267 
-4.2389e+267 7.78515e+267 
-5.89659e+267 -2.69618e+268 
1.69918e+268 -4.38042e+268 
3.20348e+268 1.05978e+269 
-6.53127e+268 2.31228e+269 
-1.65037e+269 -3.9688e+269 
2.3708e+269 -1.1664e+270 
8.17111e+269 1.38614e+270 
-7.87906e+269 5.67843e+270 
-3.91694e+270 -4.3063e+270 
2.21804e+270 -2.68306e+271 
1.82568e+271 1.03152e+271 
-3.834e+270 1.23431e+272 
-8.29263e+271 -4.98818e+270 
-1.04956e+271 -5.53673e+272 
3.67366e+272 -1.6225e+272 
1.69394e+272 2.42207e+273 
-1.58648e+273 1.53297e+273 
-1.28639e+273 -1.0321e+274 
6.66629e+273 -1.02961e+274 
7.97514e+273 4.27259e+274 
-2.71547e+274 6.02886e+274 
-4.47182e+274 -1.70984e+275 
1.06536e+275 -3.26618e+275 
2.35502e+275 6.55804e+275 
-3.97952e+275 1.67931e+276 
-1.18587e+276 -2.37313e+276 
1.38444e+276 -8.3013e+276 
5.76494e+276 7.84606e+276 
-4.26989e+276 3.97406e+277 
-2.72054e+277 -2.18425e+277 
1.00274e+277 -1.8501e+278 
1.25011e+278 3.60145e+277 
-3.17451e+276 8.39409e+278 
-5.60135e+278 1.18738e+278 
-1.72515e+278 -3.71444e+279 
2.44754e+279 -1.76917e+279 
1.58737e+279 1.60221e+280 
-1.04168e+280 1.32528e+280 
-1.05714e+280 -6.72368e+280 
4.30626e+280 -8.16818e+280 
6.16317e+280 2.7347e+281 
-1.72042e+281 4.56456e+281 
-3.32978e+281 -1.07087e+282 
6.58416e+281 -2.39833e+282 
1.70862e+282 3.98972e+282 
-2.37504e+282 1.20558e+283 
-8.43302e+282 -1.38243e+283 
7.81071e+282 -5.85242e+283 
4.03179e+283 4.23174e+283 
-2.14919e+283 2.75839e+284 
-1.87475e+284 -9.73064e+283 
3.36252e+283 -1.26605e+285 
8.49636e+284 1.31597e+283 
1.32833e+284 5.66644e+285 
-3.75549e+285 1.82996e+285 
-1.84589e+285 -2.47316e+286 
1.61801e+286 -1.64278e+286 
1.36486e+286 1.05129e+287 
-6.78113e+286 1.08512e+287 
-8.36432e+286 -4.3399e+287 
2.75386e+287 -6.29953e+287 
4.65867e+287 1.73092e+288 
-1.0763e+288 3.39426e+288 
-2.44223e+288 -6.60962e+288 
3.99938e+288 -1.73831e+289 
1.22553e+289 2.37653e+289 
-1.3801e+289 8.56629e+289 
-5.94088e+289 -7.77295e+289 
4.19182e+289 -4.09013e+290 
2.79662e+290 2.11286e+290 
-9.4247e+289 1.89963e+291 
-1.28213e+291 -3.11709e+290 
-5.88168e+288 -8.59946e+291 
5.73199e+291 -1.47245e+291 
1.93697e+291 3.79679e+292 
-2.49891e+292 1.92411e+292 
-1.69922e+292 -1.63387e+293 
1.06093e+293 -1.40513e+293 
1.11357e+293 6.83866e+293 
-4.37351e+293 8.5636e+293 
-6.43798e+293 -2.77295e+294 
1.74133e+294 -4.75415e+294 
3.45965e+294 1.08165e+295 
-6.6344e+294 2.48671e+295 
-1.76838e+295 -4.00848e+295 
2.37759e+295 -1.24573e+296 
8.70112e+295 1.37744e+296 
-7.73274e+295 6.03032e+296 
-4.14909e+296 -4.15011e+296 
2.07522e+296 -2.83523e+297 
1.92474e+297 9.10944e+296 
-2.86506e+296 1.29834e+298 
-8.70337e+297 2.53864e+296 
-1.6198e+297 -5.79801e+298 
3.83835e+298 -2.04621e+298 
2.00386e+298 2.52479e+299 
-1.6498e+299 1.75671e+299 
-1.4461e+299 -1.07059e+300 
6.89623e+299 -1.1425e+300 
8.76604e+299 4.40707e+300 
-2.79195e+300 6.57854e+300 
-4.85102e+300 -1.75166e+301 
1.08692e+301 -3.52595e+301 
2.53179e+301 6.65847e+301 
-4.01702e+301 1.79883e+302 
-1.26617e+302 -2.37821e+302 
1.37444e+302 -8.83752e+302 
6.12075e+302 7.69002e+302 
-4.10656e+302 4.20867e+303 
-2.87422e+303 -2.03626e+303 
8.78469e+302 -1.95009e+304 
1.3147e+304 2.60632e+303 
4.5362e+302 8.8081e+304 
-5.8645e+304 1.77043e+304 
-2.1577e+304 -3.88016e+305 
2.55081e+305 -2.08516e+305 
1.81524e+305 1.66579e+306 
-1.08027e+306 1.48779e+306 
-1.17191e+306 -6.95385e+306 
4.44058e+306 -8.9717e+306 
6.72123e+306 inf 
-nan(ind) -nan(ind) 
-nan(ind) -nan(ind) 
-nan(ind) -nan(ind) 
-nan(ind) -nan(ind) 
-nan(ind) -nan(ind) 
-nan(ind) -nan(ind) 
-nan(ind) -nan(ind) 
-nan(ind) -nan(ind) 
-nan(ind) -nan(ind) 
-nan(ind) -nan(ind) 
-nan(ind) -nan(ind) 
-nan(ind) -nan(ind) 
-nan(ind) -nan(ind) 
-nan(ind) -nan(ind) 
-nan(ind) -nan(ind) 
-nan(ind) -nan(ind) 
-nan(ind) -nan(ind) 
-nan(ind) -nan(ind) 
-nan(ind) -nan(ind) 
-nan(ind) -nan(ind) 
-nan(ind) -nan(ind) 
-nan(ind) -nan(ind) 
-nan(ind) -nan(ind) 
-nan(ind) -nan(ind) 
-nan(ind) -nan(ind) 
-nan(ind) -nan(ind) 
-nan(ind) -nan(ind) 
-nan(ind) -nan(ind) 
-nan(ind) -nan(ind) 
-nan(ind) -nan(ind) 
-nan(ind) -nan(ind) 
-nan(ind) -nan(ind) 
-nan(ind) -nan(ind) 
-nan(ind) -nan(ind) 
-nan(ind) -nan(ind) 
-nan(ind) -nan(ind) 
-nan(ind) -nan(ind) 
-nan(ind) -nan(ind) 
-nan(ind) -nan(ind) 
-nan(ind) -nan(ind) 
-nan(ind) -nan(ind) 
-nan(ind) -nan(ind) 
-nan(ind) -nan(ind) 
-nan(ind) -nan(ind) 
-nan(ind) -nan(ind) 
-nan(ind) -nan(ind) 
-nan(ind) -nan(ind) 
-nan(ind) -nan(ind) 
-nan(ind) -nan(ind) 
-nan(ind) -nan(ind) 
-nan(ind) -nan(ind) 
-nan(ind) -nan(ind) 
-nan(ind) -nan(ind) 
-nan(ind) -nan(ind) 
-nan(ind) -nan(ind) 
-nan(ind) -nan(ind) 
