1 0 
-0.428571 -2.85714 
-0.632653 2.44898 
0.970845 0.758017 
-0.1995 -3.09871 
-0.799845 1.89802 
0.885082 1.47184 
0.0412037 -3.15959 
-0.920399 1.23639 
0.74771 2.09983 
0.279505 -3.03624 
-0.987286 0.502661 
0.56674 2.60539 
0.501509 -2.73585 
-0.996605 -0.260374 
0.352724 2.95903 
0.69427 -2.27594 
-0.947812 -1.00823 
0.118141 3.14013 
0.846549 -1.68332 
-0.843754 -1.69729 
-0.123331 3.13814 
0.949466 -0.99254 
-0.690497 -2.28739 
-0.357612 2.95316 
0.997021 -0.243891 
-0.496978 -2.74411 
-0.57104 2.59598 
0.986441 0.518979 
-0.274481 -3.04082 
-0.751172 2.08744 
0.918342 1.25159 
-0.0359787 -3.16023 
-0.887503 1.45718 
0.796696 1.91122 
0.204621 -3.09537 
-0.972086 0.741954 
0.628595 2.45941 
0.43329 -2.85002 
-0.999986 -0.0165351 
0.423841 2.86419 
0.636694 -2.43849 
-0.969579 -0.77406 
0.194374 3.10197 
0.802973 -1.88477 
-0.882636 -1.48645 
-0.0464275 3.15887 
0.922431 -1.22115 
-0.744228 -2.11217 
-0.284522 3.03158 
0.988103 -0.486329 
-0.562424 -2.61473 
-0.506026 2.72752 
0.99616 0.276849 
-0.347826 -2.96482 
-0.698024 2.26443 
0.946132 1.02388 
-0.112947 -3.14204 
-0.849321 1.66929 
0.840936 1.71122 
0.128518 -3.13605 
-0.951095 0.976827 
0.686705 2.29877 
0.36249 -2.9472 
-0.997411 0.227402 
0.492434 2.75229 
0.575325 -2.58651 
-0.985569 -0.535283 
0.269449 3.04532 
0.754613 -2.07499 
-0.91626 -1.26676 
0.0307527 3.16078 
0.889901 -1.44249 
-0.793525 -1.92437 
-0.209737 3.09194 
0.973299 -0.72587 
-0.62452 -2.46977 
-0.437996 2.84281 
0.999945 0.0330697 
-0.4191 -2.87116 
-0.640717 2.42792 
0.968286 0.790082 
-0.189242 -3.10514 
-0.806078 1.87146 
0.880166 1.50102 
0.0516501 -3.15806 
-0.924438 1.20588 
0.740725 2.12444 
0.28953 -3.02683 
-0.988894 0.469984 
0.558093 2.62399 
0.510529 -2.71912 
-0.995689 -0.293317 
0.342919 2.97053 
0.701758 -2.25285 
-0.944426 -1.03951 
0.10775 3.14387 
0.852069 -1.65523 
-0.838095 -1.7251 
-0.133702 3.13389 
0.952697 -0.961087 
-0.682895 -2.3101 
-0.367358 2.94117 
0.997773 -0.210907 
-0.487876 -2.76039 
-0.579594 2.57696 
0.984671 0.551572 
-0.26441 -3.04973 
-0.758034 2.06249 
0.914153 1.28189 
-0.0255259 -3.16125 
-0.892274 1.42775 
0.790332 1.93746 
0.214846 -3.08843 
-0.974486 0.709767 
0.620427 2.48006 
0.442691 -2.83553 
-0.999877 -0.0496034 
0.414346 2.87805 
0.644723 -2.4173 
-0.966966 -0.806082 
0.184105 3.10822 
0.809162 -1.85811 
-0.877672 -1.51556 
-0.0568713 3.15716 
0.926419 -1.19058 
-0.737202 -2.13666 
-0.294531 3.022 
0.989658 -0.453626 
-0.553747 -2.63318 
-0.515018 2.71064 
0.99519 0.309777 
-0.338003 -2.97616 
-0.705474 2.24122 
0.942694 1.05512 
-0.10255 -3.14561 
-0.854795 1.64112 
0.835231 1.73893 
0.138882 -3.13163 
-0.954273 0.945321 
0.679066 2.32136 
0.372216 -2.93506 
-0.998109 0.194405 
0.483305 2.76842 
0.583847 -2.56734 
-0.983745 -0.567846 
0.259363 3.05406 
0.761434 -2.04992 
-0.912021 -1.29699 
0.0202984 3.16163 
0.894622 -1.41298 
-0.787118 -1.9505 
-0.21995 3.08484 
0.975646 -0.693644 
-0.616318 -2.49028 
-0.447374 2.82817 
0.999781 0.0661358 
-0.409582 -2.88486 
-0.648711 2.4066 
0.96562 0.822059 
-0.178963 -3.11123 
-0.812223 1.84471 
0.875154 1.53005 
0.0620909 -3.15618 
-0.928375 1.17524 
0.733659 2.14882 
0.299524 -3.01709 
-0.990394 0.437256 
0.549385 2.6423 
0.519493 -2.70209 
-0.994665 -0.326228 
0.333077 2.98171 
0.70917 -2.22952 
-0.940937 -1.07069 
0.0973472 3.14726 
0.857496 -1.62696 
-0.832344 -1.75272 
-0.144059 3.12929 
0.955823 -0.929529 
-0.675218 -2.33255 
-0.377064 2.92886 
0.998416 -0.177899 
-0.478721 -2.77638 
-0.588084 2.55765 
0.982793 0.584105 
-0.25431 -3.05831 
-0.764813 2.0373 
0.909864 1.31205 
-0.0150704 -3.16192 
-0.896947 1.39817 
0.783882 1.96349 
0.225048 -3.08116 
-0.97678 0.677502 
0.612192 2.50044 
0.452044 -2.82074 
-0.999658 -0.0826664 
0.404806 2.89159 
0.652682 -2.39584 
-0.964247 -0.838015 
0.173816 3.11414 
0.815262 -1.83125 
-0.872612 -1.5445 
-0.0673088 3.15511 
0.930306 -1.15988 
-0.730096 -2.16093 
-0.304509 3.0121 
0.991104 -0.420874 
-0.545008 -2.65135 
-0.523954 2.69346 
0.994112 0.34267 
-0.328142 -2.98718 
-0.712847 2.21777 
0.939154 1.08623 
-0.0921419 -3.14882 
-0.860175 1.61276 
0.829435 1.76646 
0.149231 -3.12687 
-0.957347 0.913712 
0.671352 2.34369 
0.381902 -2.92259 
-0.998697 0.161388 
0.474124 2.78425 
0.592305 -2.54789 
-0.981814 -0.600347 
0.24925 3.06247 
0.768171 -2.02463 
-0.907682 -1.32708 
0.00984193 3.16212 
0.899246 -1.38332 
-0.780624 -1.97643 
-0.23014 3.07739 
0.977887 -0.661342 
-0.608049 -2.51053 
-0.456702 2.81322 
0.999508 0.0991947 
-0.400019 -2.89825 
-0.656634 2.38502 
0.962849 0.853947 
-0.168664 -3.11697 
-0.818279 1.81774 
0.870047 1.55891 
0.0725249 -3.15395 
-0.932211 1.14448 
0.726513 2.17297 
0.309485 -3.00702 
-0.991786 0.40448 
0.540617 2.66033 
0.5284 -2.68476 
-0.993531 -0.359103 
0.323198 2.99256 
0.716504 -2.20595 
-0.937345 -1.10175 
0.086934 3.15031 
0.86283 -1.59851 
-0.826502 -1.78015 
-0.154399 3.12436 
0.958845 -0.89787 
-0.667468 -2.35475 
-0.386729 2.91623 
0.99895 -0.144872 
-0.469513 -2.79206 
-0.59651 2.53806 
0.980808 0.616573 
-0.244182 -3.06655 
-0.771509 2.0119 
0.905475 1.34207 
-0.0046132 -3.16224 
-0.901521 1.36843 
0.777346 1.98931 
0.235225 -3.07355 
-0.978967 0.645163 
0.60389 2.52055 
0.461347 -2.80563 
-0.99933 -0.11572 
0.395221 2.90482 
0.660569 -2.37413 
-0.961423 -0.869856 
0.163508 3.11972 
0.821274 -1.80419 
-0.867457 -1.57327 
-0.077739 3.15271 
0.93409 -1.12905 
-0.72291 -2.18495 
-0.314453 3.00186 
0.992441 -0.388075 
-0.536211 -2.66923 
-0.532832 2.67599 
0.992924 0.375527 
-0.318246 -2.99787 
-0.720142 2.19407 
0.93551 1.11723 
-0.0817238 -3.1517 
-0.865461 1.58423 
0.823548 1.79379 
0.159563 -3.12176 
-0.960316 0.882003 
0.663565 2.36576 
0.391546 -2.9098 
-0.999176 0.128352 
0.46489 2.79978 
0.600699 -2.52816 
-0.979775 -0.632783 
0.239108 3.07055 
0.774825 -1.99912 
-0.903244 -1.35702 
-0.000615662 3.16228 
0.903772 -1.3535 
-0.774046 -2.00213 
-0.240304 3.06962 
0.98002 -0.628967 
-0.599714 -2.5305 
-0.46598 2.79797 
0.999125 0.132243 
-0.390413 -2.91132 
-0.664486 2.36317 
0.959972 0.885742 
-0.158348 -3.12238 
-0.824246 1.79058 
0.864844 1.58759 
0.0829509 -3.15138 
-0.935944 1.11359 
0.719287 2.19687 
0.319413 -2.99662 
-0.993069 0.37166 
0.53179 2.67806 
0.53725 -2.66714 
-0.992289 -0.39194 
0.313284 3.00309 
0.72376 -2.18213 
-0.93365 -1.13269 
0.0765113 3.15301 
0.868069 -1.56989 
-0.82057 -1.80739 
-0.164723 3.11908 
0.961761 -0.866112 
-0.659644 -2.3767 
-0.396352 2.90328 
0.999375 -0.111829 
-0.460255 -2.80743 
-0.604871 2.5182 
0.978715 0.648975 
-0.234028 -3.07446 
-0.77812 1.98628 
0.900988 1.37194 
0.0058445 -3.16222 
-0.905997 1.33854 
0.770725 2.0149 
0.245376 -3.0656 
-0.981047 0.612754 
0.595521 2.54038 
0.4706 -2.79022 
-0.998893 -0.148761 
0.385594 2.91773 
0.668384 -2.35215 
-0.958494 -0.901603 
0.153182 3.12496 
0.827195 -1.77693 
-0.862207 -1.60187 
-0.0881606 3.14996 
0.937773 -1.0981 
-0.715645 -2.20874 
-0.324363 2.9913 
0.99367 -0.355234 
-0.527354 -2.68681 
-0.541652 2.65822 
0.991628 0.408342 
-0.308314 -3.00823 
-0.727358 2.17014 
0.931764 1.14811 
-0.0712967 -3.15423 
-0.870653 1.55552 
0.817571 1.82093 
0.169878 -3.11631 
-0.96318 0.850197 
0.655705 2.38757 
0.401147 -2.89669 
-0.999546 0.0953027 
0.455606 2.815 
0.609026 -2.50816 
-0.977629 -0.665149 
0.228941 3.07829 
0.781393 -1.97338 
-0.898707 -1.38682 
-0.0110732 3.16208 
0.908198 -1.32354 
-0.767382 -2.02762 
-0.250442 3.0615 
0.982047 -0.596524 
-0.591313 -2.55019 
-0.475207 2.78241 
0.998633 0.165276 
-0.380764 -2.92407 
-0.672264 2.34107 
0.95699 0.917439 
-0.148013 -3.12745 
-0.830122 1.76323 
0.859546 1.61611 
0.0933679 -3.14846 
-0.939576 1.08258 
0.711983 2.22054 
0.329305 -2.9859 
-0.994244 0.338799 
0.522904 2.6955 
0.54604 -2.64923 
-0.990939 -0.424733 
0.303336 3.01328 
0.730937 -2.15808 
-0.929853 -1.1635 
0.0660802 3.15537 
0.873213 -1.5411 
-0.814549 -1.83442 
-0.175029 3.11346 
0.964573 -0.83426 
-0.651748 -2.39838 
-0.405932 2.89002 
0.99969 -0.0787738 
-0.450945 -2.8225 
-0.613165 2.49806 
0.976515 0.681305 
-0.223848 -3.08203 
-0.784646 1.96044 
0.896401 1.40166 
0.0163016 -3.16186 
-0.910374 1.30851 
0.764019 2.04028 
0.255501 -3.05732 
-0.98302 0.580277 
0.587088 2.55994 
0.479802 -2.77451 
-0.998346 -0.181786 
0.375924 2.93033 
0.676126 -2.32992 
-0.95546 -0.933251 
0.14284 3.12985 
0.833026 -1.74948 
-0.856862 -1.6303 
-0.0985726 3.14688 
0.941353 -1.06703 
-0.708301 -2.23228 
-0.334238 2.98041 
0.994791 -0.322355 
-0.51844 -2.70411 
-0.550413 2.64016 
0.990223 0.441112 
-0.298349 -3.01826 
-0.734495 2.14597 
0.927917 1.17886 
-0.0608619 -3.15642 
-0.875749 1.52664 
0.811504 1.84787 
0.180174 -3.11053 
-0.965939 0.818299 
0.647774 2.40913 
0.410705 -2.88326 
-0.999806 0.0622428 
0.446272 2.82991 
0.617287 -2.48788 
-0.975376 -0.697442 
0.218749 3.08569 
0.787877 -1.94744 
-0.894072 -1.41646 
-0.0215295 3.16154 
0.912525 -1.29343 
-0.760635 -2.05289 
-0.260552 3.05305 
0.983966 -0.564015 
-0.582847 -2.56961 
-0.484383 2.76654 
0.998032 0.198292 
-0.371073 -2.9365 
-0.679969 2.31871 
0.953904 0.949036 
-0.137663 -3.13217 
-0.835907 1.73568 
0.854155 1.64444 
0.103775 -3.1452 
-0.943105 1.05145 
0.704601 2.24397 
0.339161 -2.97484 
-0.99531 0.305901 
0.513962 2.71264 
0.554771 -2.63102 
-0.98948 -0.45748 
0.293355 3.02315 
0.738034 -2.13379 
-0.925955 -1.19419 
0.0556419 3.15738 
0.878262 -1.51214 
-0.808438 -1.86126 
-0.185315 3.1075 
0.967279 -0.802316 
-0.643781 -2.41981 
-0.415467 2.87643 
0.999896 -0.0457101 
-0.441587 -2.83725 
-0.621393 2.47764 
0.974209 0.713561 
-0.213644 -3.08927 
-0.791086 1.93438 
0.891717 1.43122 
0.0267568 -3.16115 
-0.914652 1.27833 
0.75723 2.06544 
0.265597 -3.0487 
-0.984885 0.547737 
0.57859 2.57921 
0.488951 -2.75849 
-0.997691 -0.214792 
0.366213 2.9426 
0.683794 -2.30744 
-0.952322 -0.964796 
0.132482 3.1344 
0.838766 -1.72184 
-0.851424 -1.65854 
-0.108974 3.14345 
0.94483 -1.03584 
-0.700881 -2.25558 
-0.344075 2.9692 
0.995802 -0.28944 
-0.509469 -2.7211 
-0.559114 2.62181 
0.98871 0.473835 
-0.288352 -3.02796 
-0.741552 2.12156 
0.923967 1.20948 
-0.0504204 -3.15826 
-0.88075 1.4976 
0.805349 1.8746 
0.190451 -3.1044 
-0.968593 0.786311 
0.639771 2.43042 
0.420217 -2.86953 
-0.999957 0.0291761 
0.436889 2.84452 
0.625481 -2.46733 
-0.973016 -0.72966 
0.208533 3.09276 
0.794274 -1.92127 
-0.889338 -1.44595 
-0.0319835 3.16066 
0.916753 -1.26319 
-0.753805 -2.07793 
-0.270635 3.04427 
0.985777 -0.531445 
-0.574317 -2.58874 
-0.493505 2.75037 
0.997322 0.231286 
-0.361342 -2.94861 
-0.6876 2.2961 
0.950713 0.98053 
-0.127297 -3.13655 
-0.841602 1.70794 
0.84867 1.6726 
0.11417 -3.1416 
-0.94653 1.0202 
0.697141 2.26714 
0.34898 -2.96347 
-0.996267 0.27297 
0.504963 2.72949 
0.563442 -2.61253 
-0.987913 -0.490176 
0.283341 3.03269 
0.74505 -2.10927 
-0.921955 -1.22474 
0.0451975 3.15905 
0.883214 -1.48301 
-0.802238 -1.88789 
-0.195581 3.10121 
0.969879 -0.770284 
-0.635744 -2.44096 
-0.424956 2.86254 
0.999992 -0.0126413 
-0.43218 -2.8517 
-0.629552 2.45696 
0.971796 0.745739 
-0.203416 -3.09616 
-0.79744 1.90811 
0.886935 1.46064 
0.0372092 -3.16009 
-0.918829 1.24801 
0.750359 2.09036 
0.275665 -3.03975 
-0.986642 0.515138 
0.570029 2.59821 
0.498046 -2.74217 
-0.996926 -0.247773 
0.356462 2.95455 
0.691387 -2.2847 
-0.949079 -0.996237 
0.122109 3.13861 
0.844414 -1.694 
-0.845893 -1.68661 
-0.119363 3.13967 
0.948204 -1.00453 
-0.693383 -2.27864 
-0.353876 2.95765 
0.996705 -0.256493 
-0.500443 -2.7378 
-0.567754 2.60318 
0.987089 0.506505 
-0.278323 -3.03733 
-0.748527 2.09692 
0.919917 1.23997 
-0.0399734 -3.15975 
-0.885654 1.46839 
0.799106 1.90113 
0.200707 -3.09793 
-0.97114 0.754237 
0.631699 2.45144 
0.429684 -2.85547 
-0.999999 -0.00389379 
0.427459 2.85881 
0.633606 -2.44651 
-0.97055 -0.761797 
0.198293 3.09948 
0.800584 -1.8949 
-0.884508 -1.47528 
-0.0424339 3.15943 
0.92088 -1.2328 
-0.746892 -2.10274 
-0.280687 3.03515 
0.987481 -0.498816 
-0.565725 -2.6076 
-0.502574 2.7339 
0.996502 0.264254 
-0.351571 -2.9604 
-0.695156 2.27323 
0.947419 1.01192 
-0.116918 -3.14059 
-0.847204 1.68002 
0.843092 1.70057 
0.124553 -3.13765 
-0.949852 0.988843 
0.689606 2.29007 
0.358761 -2.95176 
-0.997116 0.240009 
0.495909 2.74604 
0.572051 -2.59376 
-0.986238 -0.52282 
0.273297 3.04189 
0.751984 -2.08451 
-0.917854 -1.25516 
0.0347481 3.16037 
0.88807 -1.45372 
-0.795951 -1.91432 
-0.205826 3.09457 
0.972374 -0.738168 
-0.627637 -2.46185 
-0.434399 2.84833 
0.999979 0.0204288 
-0.422726 -2.86584 
-0.637643 2.436 
0.969277 0.777835 
-0.193166 -3.10272 
-0.803706 1.88164 
0.882057 1.48989 
0.0476575 -3.15868 
-0.922906 1.21756 
0.743405 2.11506 
0.285702 -3.03047 
-0.988292 0.482482 
0.561406 2.61691 
0.507087 -2.72555 
-0.996052 -0.280728 
0.346671 2.96617 
0.698905 -2.26171 
-0.945733 -1.02757 
0.111723 3.14248 
0.84997 -1.66599 
-0.840269 -1.71449 
-0.129739 3.13555 
0.951474 -0.973123 
-0.68581 -2.30144 
-0.363637 2.94579 
0.997499 -0.223518 
-0.491362 -2.7542 
-0.576332 2.58426 
0.98536 0.53912 
-0.268263 -3.04637 
-0.755421 2.07205 
0.915766 1.27032 
-0.029522 -3.1609 
-0.890462 1.43902 
0.792775 1.92745 
0.21094 -3.09112 
-0.973581 0.72208 
0.623558 2.4722 
0.439103 -2.84111 
-0.999932 -0.0369633 
0.417981 2.87279 
0.641662 -2.42543 
-0.967977 -0.793851 
0.188033 3.10587 
0.806806 -1.86832 
-0.879581 -1.50445 
-0.0528797 3.15785 
0.924907 -1.20228 
-0.739897 -2.12733 
-0.290709 3.0257 
0.989076 -0.466133 
-0.557071 -2.62616 
-0.511587 2.71713 
0.995574 0.297194 
-0.341762 -2.97187 
-0.702635 2.25012 
0.944021 1.04319 
-0.106526 -3.14428 
-0.852713 1.65191 
0.837423 1.72836 
0.134922 -3.13336 
-0.95307 0.957377 
0.681995 2.31275 
0.368503 -2.93974 
-0.997855 0.207021 
0.486801 2.76229 
0.580597 -2.5747 
-0.984455 -0.555406 
0.263222 3.05076 
0.758836 -2.05953 
-0.913653 -1.28545 
0.024295 3.16134 
0.892829 -1.42428 
-0.789577 -1.94054 
-0.216049 3.08759 
0.974762 -0.705972 
-0.619461 -2.48247 
-0.443795 2.83381 
0.999857 0.0534967 
-0.413225 -2.87966 
-0.645664 2.41478 
0.966651 0.809846 
-0.182895 -3.10894 
-0.809885 1.85496 
0.877081 1.51897 
0.0581006 -3.15694 
-0.926882 1.18697 
0.73637 2.13953 
0.295708 -3.02086 
-0.989834 0.449773 
0.552721 2.63534 
0.516073 -2.70863 
-0.995069 -0.313651 
0.336843 2.97748 
0.706346 -2.23847 
-0.942283 -1.05879 
0.101325 3.146 
0.855433 -1.63779 
-0.834553 -1.74219 
-0.140102 3.13109 
0.95464 -0.941605 
-0.678162 -2.324 
-0.373359 2.9336 
0.998183 -0.190519 
-0.482227 -2.7703 
-0.584846 2.56506 
0.983524 0.571676 
-0.258174 -3.05507 
-0.762232 2.04696 
0.911515 1.30054 
-0.0190674 -3.1617 
-0.895172 1.40949 
0.786358 1.95357 
0.221151 -3.08398 
-0.975916 0.689845 
0.615348 2.49268 
0.448475 -2.82643 
-0.999755 -0.0700287 
0.408458 2.88645 
0.649648 -2.40408 
-0.965299 -0.825819 
0.177751 3.11192 
0.812941 -1.84154 
-0.874558 -1.53346 
-0.0633198 3.15593 
0.928832 -1.17163 
-0.732822 -2.15168 
-0.300699 3.01592 
0.990564 -0.433399 
-0.548356 -2.64444 
-0.520545 2.70006 
0.994537 0.330101 
-0.331916 -2.98301 
-0.710038 2.22676 
0.940519 1.07435 
-0.0961217 -3.14764 
-0.858129 1.62362 
0.831661 1.75596 
0.145277 -3.12873 
-0.956184 0.925807 
0.674309 2.33518 
0.378205 -2.92739 
-0.998485 0.174011 
0.47764 2.77824 
0.58908 -2.55536 
-0.982565 -0.587931 
0.253119 3.0593 
0.765606 -2.03432 
-0.909352 -1.31559 
0.0138392 3.16197 
0.89749 -1.39467 
-0.783117 -1.96654 
-0.226247 3.08028 
0.977043 -0.673698 
-0.611218 -2.50282 
-0.453142 2.81898 
0.999625 0.0865588 
-0.40368 -2.89317 
-0.653614 2.3933 
0.96392 0.841769 
-0.172603 -3.11482 
-0.815975 1.82807 
0.87201 1.5479 
0.0685373 -3.15484 
-0.930756 1.15625 
0.729254 2.16377 
0.305682 -3.01091 
-0.991267 0.417015 
0.543976 2.65347 
0.525002 -2.69142 
-0.993977 -0.346541 
0.326979 2.98845 
0.71371 -2.21499 
-0.93873 -1.08989 
0.0909157 3.14918 
0.860802 -1.60941 
-0.828746 -1.76969 
-0.150448 3.12628 
0.957702 -0.909984 
-0.670439 -2.3463 
-0.38304 2.9211 
0.998759 -0.157499 
-0.473039 -2.7861 
-0.593297 2.54558 
0.981579 0.60417 
-0.248057 -3.06344 
-0.768959 2.02164 
0.907165 1.33061 
-0.00861066 -3.16216 
-0.899784 1.37981 
0.779854 1.97946 
0.231338 -3.0765 
-0.978144 0.657534 
0.607071 2.5129 
0.457797 -2.81144 
-0.999469 -0.103086 
0.39889 2.8998 
0.657562 -2.38246 
-0.962515 -0.857696 
0.167451 3.11763 
0.818986 -1.81456 
-0.869439 -1.56229 
-0.0737529 3.15367 
0.932656 -1.14085 
-0.725666 -2.1758 
-0.310656 3.00582 
0.991943 -0.400618 
-0.539581 -2.66243 
-0.529445 2.6827 
0.993391 0.362972 
-0.322033 -2.99382 
-0.717363 2.20316 
0.936915 1.1054 
-0.0857073 -3.15064 
-0.863452 1.59515 
0.825809 1.78337 
0.155616 -3.12375 
-0.959193 0.894136 
0.66655 2.35735 
0.387865 -2.91472 
-0.999006 0.140982 
0.468426 2.79388 
0.597498 -2.53574 
-0.980567 -0.620392 
0.242988 3.0675 
0.772291 -2.0089 
-0.904952 -1.34559 
0.00338188 3.16226 
0.902053 -1.36492 
-0.77657 -1.99233 
-0.236422 3.07263 
0.979217 -0.641351 
-0.602908 -2.5229 
-0.462439 2.80384 
0.999284 0.119611 
-0.39409 -2.90636 
-0.661493 2.37155 
0.961084 0.873599 
-0.162293 -3.12035 
-0.821975 1.80099 
0.866844 1.57665 
0.0789665 -3.1524 
-0.934529 1.12541 
0.722059 2.18776 
0.315622 -3.00064 
-0.992592 0.384211 
0.535171 2.67131 
0.533874 -2.67391 
-0.992777 -0.379393 
0.317078 2.9991 
0.720996 -2.19127 
-0.935074 -1.12087 
0.0804965 3.15202 
0.866077 -1.58085 
-0.822849 -1.797 
-0.160779 3.12114 
0.960659 -0.878263 
-0.662643 -2.36834 
-0.392679 2.90827 
0.999225 -0.124462 
-0.4638 -2.80159 
-0.601682 2.52582 
0.979528 0.636597 
-0.237913 -3.07148 
-0.775603 1.9961 
0.902715 1.36054 
0.00184698 -3.16227 
-0.904298 1.34998 
0.773266 2.00514 
0.241499 -3.06868 
-0.980265 0.625151 
0.598728 2.53283 
0.467069 -2.79615 
-0.999073 -0.136133 
0.389279 2.91284 
0.665405 -2.36058 
-0.959626 -0.889479 
0.157132 3.12299 
0.824942 -1.78737 
-0.864225 -1.59096 
-0.0841779 3.15105 
0.936377 -1.10994 
-0.718431 -2.19967 
-0.320579 2.99538 
0.993213 -0.367793 
-0.530747 -2.68013 
-0.538288 2.66504 
0.992136 0.395803 
-0.312115 -3.0043 
-0.724609 2.17932 
0.933208 1.13632 
-0.0752835 -3.1533 
-0.86868 1.56651 
0.819866 1.81058 
0.165937 -3.11844 
-0.962098 0.862366 
0.658718 2.37927 
0.397482 -2.90174 
-0.999417 0.107938 
0.459161 2.80922 
0.605851 -2.51584 
-0.978462 -0.652785 
0.232831 3.07537 
0.778892 -1.98325 
-0.900453 -1.37544 
-0.0070758 3.1622 
0.906518 -1.33501 
-0.769939 -2.0179 
-0.24657 3.06464 
0.981285 -0.608933 
-0.594532 -2.5427 
-0.471686 2.78839 
0.998834 0.152651 
-0.384457 -2.91923 
-0.669299 2.34955 
0.958142 0.905334 
-0.151966 -3.12555 
-0.827886 1.77371 
0.861582 1.60523 
0.0893871 -3.14962 
-0.9382 1.09445 
0.714784 2.21152 
0.325528 -2.99004 
-0.993808 0.351365 
0.526308 2.68887 
0.542687 -2.65611 
-0.991468 -0.412203 
0.307143 3.00942 
0.728203 -2.1673 
-0.931317 -1.15174 
0.0700685 3.15451 
0.871258 -1.55213 
-0.816861 -1.82411 
-0.171091 3.11565 
0.963511 -0.846446 
-0.654775 -2.39012 
-0.402275 2.89512 
0.999582 -0.0914106 
-0.45451 -2.81677 
-0.610002 2.50579 
0.977369 0.668955 
-0.227742 -3.07918 
-0.782161 1.97034 
0.898166 1.39031 
0.0123044 -3.16204 
-0.908713 1.32 
0.766592 2.03061 
0.251634 -3.06052 
-0.982278 0.592699 
0.590319 2.5525 
0.476291 -2.78055 
-0.998568 -0.169165 
